320 3042 256 alg3-1 0.026395320892333984 16507692.0
320 3042 256 alg4-1 0.026170969009399414 16507692.0
320 3042 256 alg6-1 0.026601076126098633 16507692.0
320 3042 256 alg3-2 - -
320 3042 256 alg4-2 - -
320 3042 256 alg6-2 40.24264049530029 3591252.0
320 5344 256 alg3-1 0.024911165237426758 13302538.0
320 5344 256 alg4-1 0.025075912475585938 13302538.0
320 5344 256 alg6-1 0.02516627311706543 13302538.0
320 5344 256 alg3-2 - -
320 5344 256 alg4-2 - -
320 5344 256 alg6-2 40.465145111083984 2499104.0
320 10186 256 alg3-1 0.02567315101623535 13792904.0
320 10186 256 alg4-1 0.025541305541992188 13792904.0
320 10186 256 alg6-1 0.02535247802734375 13792904.0
320 10186 256 alg3-2 - -
320 10186 256 alg4-2 - -
320 10186 256 alg6-2 38.3001172542572 2327122.0
320 15104 256 alg3-1 0.02516341209411621 12918115.0
320 15104 256 alg4-1 0.02517223358154297 12918115.0
320 15104 256 alg6-1 0.024838924407958984 12918115.0
320 15104 256 alg3-2 - -
320 15104 256 alg4-2 - -
320 15104 256 alg6-2 36.41550803184509 1965359.0