320 19100 1 alg6-3 14.096365213394165 15937.0
320 19100 2 alg6-3 27.178635358810425 98150.0
320 19100 3 alg6-3 43.37616038322449 89424.0
320 19100 4 alg6-3 55.9334192276001 51364.0
320 19100 5 alg6-3 68.6952850818634 133719.0
320 19100 6 alg6-3 114.08230948448181 139804.0
320 19100 7 alg6-3 104.22069311141968 113983.0
320 19100 8 alg6-3 122.02725744247437 153819.0
320 19100 9 alg6-3 129.83598637580872 155029.0
320 19100 10 alg6-3 156.24432015419006 181866.0
320 19100 11 alg6-3 165.65091395378113 208155.0
320 19100 12 alg6-3 186.82007932662964 213826.0
320 19100 13 alg6-3 237.76466012001038 194206.0
320 19100 14 alg6-3 201.02576446533203 197726.0
320 19100 15 alg6-3 217.59021043777466 184658.0
320 19100 16 alg6-3 244.20731735229492 239439.0
320 19100 17 alg6-3 258.09480381011963 237753.0
320 19100 18 alg6-3 307.9980835914612 205038.0
320 19100 19 alg6-3 283.9765386581421 236827.0
320 19100 20 alg6-3 310.46803188323975 295236.0
320 19100 21 alg6-3 328.8852996826172 259540.0
320 19100 22 alg6-3 364.6490366458893 302154.0
320 19100 23 alg6-3 360.2992174625397 262579.0
320 19100 24 alg6-3 400.4251320362091 328634.0
320 19100 25 alg6-3 369.8350303173065 305620.0
320 19100 26 alg6-3 408.6108021736145 295692.0
320 19100 27 alg6-3 422.74603748321533 282870.0
320 19100 28 alg6-3 553.2402112483978 346757.0
320 19100 29 alg6-3 532.473224401474 323813.0
320 19100 30 alg6-3 602.0252821445465 332109.0
320 19100 31 alg6-3 674.4631023406982 363908.0
320 19100 32 alg6-3 640.7972810268402 379148.0
320 19100 33 alg6-3 656.429829120636 371772.0
320 19100 34 alg6-3 682.3914060592651 397877.0
320 19100 35 alg6-3 669.9112808704376 393583.0
320 19100 36 alg6-3 760.0719411373138 422363.0
320 19100 37 alg6-3 629.4719972610474 381498.0
320 19100 38 alg6-3 933.8852541446686 416239.0
320 19100 39 alg6-3 698.7067403793335 411352.0
320 19100 40 alg6-3 730.3481533527374 441955.0
320 19100 41 alg6-3 1065.1750285625458 450085.0
320 19100 42 alg6-3 773.0177819728851 450396.0
320 19100 43 alg6-3 804.2157897949219 452391.0
320 19100 44 alg6-3 992.0155980587006 461402.0
320 19100 45 alg6-3 1000.7516725063324 473566.0
320 19100 46 alg6-3 810.2702829837799 438665.0
320 19100 47 alg6-3 882.8161776065826 469260.0
320 19100 48 alg6-3 1250.7564918994904 489636.0
320 19100 49 alg6-3 960.7196569442749 510223.0
320 19100 50 alg6-3 975.3242728710175 489735.0
