10 90 1 alg3-1 4.029273986816406e-05 7783.0
10 90 1 alg4-1 3.910064697265625e-05 7783.0
10 90 1 alg6-1 4.696846008300781e-05 7783.0
10 90 1 alg3-2 0.0004360675811767578 7783.0
10 90 1 alg4-2 0.0019173622131347656 7783.0
10 90 1 alg6-2 0.001983165740966797 7783.0
200 8506 20 alg3-1 0.0008995532989501953 994072.0
200 8506 20 alg4-1 0.0009038448333740234 994072.0
200 8506 20 alg6-1 0.0009379386901855469 994072.0
200 8506 20 alg3-2 3.4757864475250244 342146.0
200 8506 20 alg4-2 0.9233689308166504 342146.0
200 8506 20 alg6-2 0.5633130073547363 342146.0
500 42664 50 alg3-1 0.004588127136230469 2830599.0
500 42664 50 alg4-1 0.0045473575592041016 2830599.0
500 42664 50 alg6-1 0.0047397613525390625 2830599.0
500 42664 50 alg3-2 195.64150261878967 637047.0
500 42664 50 alg4-2 17.16919755935669 637047.0
500 42664 50 alg6-2 6.024187088012695 637047.0
1000 160196 100 alg3-1 0.017548322677612305 5268331.0
1000 160196 100 alg4-1 0.017807483673095703 5268331.0
1000 160196 100 alg6-1 0.017503738403320312 5268331.0
1000 160196 100 alg3-2 3486.547784090042 898437.0
1000 160196 100 alg4-2 141.72811484336853 898437.0
1000 160196 100 alg6-2 36.388856172561646 898437.0
2000 406858 200 alg3-1 0.07206988334655762 10191100.0
2000 406858 200 alg4-1 0.07164907455444336 10191100.0
2000 406858 200 alg6-1 0.07143115997314453 10191100.0
2000 406858 200 alg3-2 - -
2000 406858 200 alg4-2 1865.6292231082916 1735317.0
2000 406858 200 alg6-2 349.366366147995 1735317.0
3000 657415 300 alg3-1 0.20034313201904297 15048487.0
3000 657415 300 alg4-1 0.2025449275970459 15048487.0
3000 657415 300 alg6-1 0.2058556079864502 15048487.0
3000 657415 300 alg3-2 - -
3000 657415 300 alg4-2 - -
3000 657415 300 alg6-2 1500.173427581787 2631097.0
4000 905582 400 alg3-1 0.3531930446624756 20915614.0
4000 905582 400 alg4-1 0.3568263053894043 20915614.0
4000 905582 400 alg6-1 0.35788512229919434 20915614.0
4000 905582 400 alg3-2 - -
4000 905582 400 alg4-2 - -
4000 905582 400 alg6-2 3862.5288529396057 3433381.0
5000 1164064 500 alg3-1 0.5576162338256836 27862842.0
5000 1164064 500 alg4-1 0.5577359199523926 27862842.0
5000 1164064 500 alg6-1 0.5682764053344727 27862842.0
5000 1164064 500 alg3-2 - -
5000 1164064 500 alg4-2 - -
5000 1164064 500 alg6-2 9055.00793004036 4252781.0
6000 1421445 600 alg3-1 0.8487772941589355 34524320.0
6000 1421445 600 alg4-1 0.8468666076660156 34524320.0
6000 1421445 600 alg6-1 0.8424570560455322 34524320.0
6000 1421445 600 alg3-2 - -
6000 1421445 600 alg4-2 - -
6000 1421445 600 alg6-2 - -
7000 1678936 700 alg3-1 8.19211721420288 41469457.0
7000 1678936 700 alg4-1 1.1496727466583252 41469457.0
7000 1678936 700 alg6-1 1.1380643844604492 41469457.0
7000 1678936 700 alg3-2 - -
7000 1678936 700 alg4-2 - -
7000 1678936 700 alg6-2 - -
8000 1928736 800 alg3-1 1.4772868156433105 48566128.0
8000 1928736 800 alg4-1 11.303136825561523 48566128.0
8000 1928736 800 alg6-1 1.4598066806793213 48566128.0
8000 1928736 800 alg3-2 - -
8000 1928736 800 alg4-2 - -
8000 1928736 800 alg6-2 - -
9000 2177171 900 alg3-1 1.8682432174682617 57295149.0
9000 2177171 900 alg4-1 1.870924711227417 57295149.0
9000 2177171 900 alg6-1 13.849521398544312 57295149.0
9000 2177171 900 alg3-2 - -
9000 2177171 900 alg4-2 - -
9000 2177171 900 alg6-2 - -
