A 1 2 1
A 1 3 1
A 1 4 1
A 1 5 1
A 1 6 1
A 1 7 1
A 1 8 1
A 1 9 1
A 1 10 1
A 1 11 1
A 1 12 1
A 1 13 1
A 1 14 1
A 1 15 1
A 16 17 0
A 17 18 0
A 18 19 0
A 20 21 0
A 21 22 0
A 22 23 0
A 24 25 0
A 26 27 0
A 27 28 0
A 28 29 0
A 29 30 0
A 30 31 0
A 32 33 0
A 33 34 0
A 2 3 0
A 3 4 0
A 3 35 1
A 3 36 1
A 3 37 1
A 3 38 1
A 3 39 1
A 3 40 1
A 3 41 1
A 3 42 1
A 3 43 1
A 3 44 1
A 3 45 1
A 4 46 0
A 46 47 0
A 47 48 0
A 49 50 0
A 5 6 0
A 5 51 1
A 6 52 0
A 6 53 1
A 6 54 1
A 6 55 1
A 6 56 1
A 57 58 0
A 58 59 0
A 59 60 0
A 60 61 0
A 61 62 0
A 7 8 0
A 8 63 0
A 8 64 1
A 8 65 1
A 8 66 1
A 63 67 0
A 63 68 1
A 63 69 1
A 63 70 1
A 63 71 1
A 63 72 1
A 67 73 0
A 74 75 0
A 76 77 0
A 76 78 1
A 76 79 1
A 76 80 1
A 81 82 0
A 83 53 0
A 53 84 0
A 84 85 0
A 85 78 0
A 78 86 0
A 86 87 0
A 87 79 0
A 79 88 0
A 88 89 0
A 89 80 0
A 82 90 0
A 80 91 0
A 91 92 0
A 92 93 0
A 92 33 1
A 90 35 0
A 35 68 0
A 68 94 0
A 94 69 0
A 69 95 0
A 95 70 0
A 70 83 0
A 9 10 0
A 10 96 0
A 10 20 1
A 10 24 1
A 10 67 1
A 10 74 1
A 10 76 1
A 10 81 1
A 10 82 1
A 10 90 1
A 97 98 0
A 98 99 0
A 100 101 0
A 101 102 0
A 102 103 0
A 11 12 0
A 11 104 1
A 11 105 1
A 11 106 1
A 12 107 0
A 12 108 1
A 12 109 1
A 12 110 1
A 13 14 0
A 14 15 0
A 15 64 0
A 64 111 0
A 64 46 1
A 64 47 1
A 64 63 1
A 65 104 0
A 65 57 1
A 104 105 0
A 105 112 0
A 105 29 1
A 105 30 1
A 105 49 1
A 105 58 1
A 105 59 1
A 36 71 0
A 36 94 1
A 71 72 0
A 71 95 1
A 72 113 0
A 72 84 1
A 106 114 0
A 51 54 0
A 51 16 1
A 51 17 1
A 51 18 1
A 51 26 1
A 51 27 1
A 54 115 0
A 54 32 1
A 54 21 1
A 54 22 1
A 54 28 1
A 37 116 0
A 38 117 0
A 39 118 0
A 119 120 0
A 40 121 0
A 40 83 1
A 40 88 1
A 40 89 1
A 41 122 0
A 42 123 0
A 66 43 0
A 43 124 0
A 44 125 0
A 108 126 0
A 108 60 1
A 108 61 1
A 55 127 0
A 56 128 0
A 109 129 0
A 109 86 1
A 109 87 1
A 109 97 1
A 109 98 1
A 109 100 1
A 109 101 1
A 109 102 1
A 45 130 0
A 45 85 1
A 45 91 1
A 45 92 1
A 110 131 0
A 110 119 1
T 1
T 34
T 19
T 23
T 25
T 31
T 48
T 50
T 52
T 62
T 73
T 75
T 77
T 93
T 96
T 99
T 103
T 107
T 111
T 112
T 113
T 114
T 115
T 116
T 117
T 118
T 120
T 121
T 122
T 123
T 124
T 125
T 126
T 127
T 128
T 129
T 130
T 131
Root 1
EOF