A 1 2 1
A 1 2 1
A 1 2 1
A 1 3 1
A 1 3 1
A 1 4 1
A 1 4 1
A 1 5 1
A 1 5 1
A 1 6 1
A 1 6 1
A 1 7 1
A 1 7 1
A 1 7 1
A 1 7 1
A 1 8 1
A 1 8 1
A 1 8 1
A 1 8 1
A 1 9 1
A 1 9 1
A 1 10 1
A 1 10 1
A 1 11 1
A 1 12 1
A 1 13 1
A 1 14 1
A 1 14 1
A 1 14 1
A 1 15 1
A 1 15 1
A 1 16 1
A 1 17 1
A 1 17 1
A 1 18 1
A 1 18 1
A 1 18 1
A 1 19 1
A 1 20 1
A 1 21 1
A 1 21 1
A 1 22 1
A 23 24 0
A 24 25 0
A 25 26 0
A 26 27 0
A 28 29 0
A 29 30 0
A 30 31 0
A 31 32 0
A 32 33 0
A 33 34 0
A 34 35 0
A 35 36 0
A 37 38 0
A 38 39 0
A 39 40 0
A 41 42 0
A 42 43 0
A 43 44 0
A 44 45 0
A 45 46 0
A 46 47 0
A 48 49 0
A 50 51 0
A 51 52 0
A 52 53 0
A 52 50 1
A 52 54 1
A 52 55 1
A 52 56 1
A 52 56 1
A 52 56 1
A 52 56 1
A 52 56 1
A 57 58 0
A 58 59 0
A 59 60 0
A 61 62 0
A 62 63 0
A 63 64 0
A 65 66 0
A 66 67 0
A 67 68 0
A 69 70 0
A 70 71 0
A 71 72 0
A 73 74 0
A 74 75 0
A 75 76 0
A 76 77 0
A 78 79 0
A 80 81 0
A 82 83 0
A 83 84 0
A 84 85 0
A 85 86 0
A 86 87 0
A 87 88 0
A 88 89 0
A 88 80 1
A 88 80 1
A 88 80 1
A 88 80 1
A 88 80 1
A 88 80 1
A 81 90 0
A 90 91 0
A 91 92 0
A 92 93 0
A 93 94 0
A 94 95 0
A 95 96 0
A 96 82 0
A 97 98 0
A 98 99 0
A 99 100 0
A 100 101 0
A 101 102 0
A 102 103 0
A 102 104 1
A 103 105 0
A 105 106 0
A 107 108 0
A 109 110 0
A 110 111 0
A 112 113 0
A 113 114 0
A 115 116 0
A 117 118 0
A 118 119 0
A 119 120 0
A 120 121 0
A 121 122 0
A 123 124 0
A 124 125 0
A 125 126 0
A 126 127 0
A 127 128 0
A 129 130 0
A 130 131 0
A 131 132 0
A 132 133 0
A 132 134 1
A 132 135 1
A 132 136 1
A 132 136 1
A 132 136 1
A 132 136 1
A 132 137 1
A 132 138 1
A 132 139 1
A 132 139 1
A 132 140 1
A 132 141 1
A 132 142 1
A 132 142 1
A 132 142 1
A 132 143 1
A 132 144 1
A 132 145 1
A 132 146 1
A 147 148 0
A 148 149 0
A 149 150 0
A 150 151 0
A 151 152 0
A 153 154 0
A 154 155 0
A 155 156 0
A 156 157 0
A 157 158 0
A 159 160 0
A 160 161 0
A 161 162 0
A 162 163 0
A 163 164 0
A 163 165 1
A 163 166 1
A 167 168 0
A 168 169 0
A 169 170 0
A 170 171 0
A 171 172 0
A 173 174 0
A 174 175 0
A 175 176 0
A 176 177 0
A 178 179 0
A 179 180 0
A 180 181 0
A 181 182 0
A 183 184 0
A 184 185 0
A 185 186 0
A 186 187 0
A 188 189 0
A 189 190 0
A 190 191 0
A 191 192 0
A 2 193 0
A 194 195 0
A 194 104 1
A 194 9 1
A 194 196 1
A 194 197 1
A 194 198 1
A 194 199 1
A 194 200 1
A 194 201 1
A 194 17 1
A 194 202 1
A 194 21 1
A 195 203 0
A 203 204 0
A 204 205 0
A 193 206 0
A 206 207 0
A 207 208 0
A 208 209 0
A 209 210 0
A 210 211 0
A 211 212 0
A 212 194 0
A 213 214 0
A 214 215 0
A 215 216 0
A 216 217 0
A 218 219 0
A 220 221 0
A 221 222 0
A 222 223 0
A 223 224 0
A 224 225 0
A 226 227 0
A 227 228 0
A 228 229 0
A 229 230 0
A 230 231 0
A 232 233 0
A 233 234 0
A 234 235 0
A 235 236 0
A 236 237 0
A 238 239 0
A 239 240 0
A 240 241 0
A 241 242 0
A 242 243 0
A 244 245 0
A 245 246 0
A 246 247 0
A 247 248 0
A 248 249 0
A 249 250 0
A 251 252 0
A 252 253 0
A 253 254 0
A 254 255 0
A 255 256 0
A 255 159 1
A 255 251 1
A 257 258 0
A 258 259 0
A 259 260 0
A 260 261 0
A 262 263 0
A 263 264 0
A 264 265 0
A 265 266 0
A 265 267 1
A 268 269 0
A 269 270 0
A 270 271 0
A 271 272 0
A 272 273 0
A 272 274 1
A 272 275 1
A 272 276 1
A 272 277 1
A 3 278 0
A 278 279 0
A 278 104 1
A 278 280 1
A 278 280 1
A 278 281 1
A 278 282 1
A 283 284 0
A 285 286 0
A 286 287 0
A 287 288 0
A 288 289 0
A 289 290 0
A 290 291 0
A 291 292 0
A 292 293 0
A 293 294 0
A 294 295 0
A 284 296 0
A 295 297 0
A 297 298 0
A 298 299 0
A 299 300 0
A 300 301 0
A 300 302 1
A 300 303 1
A 300 304 1
A 300 304 1
A 300 8 1
A 300 305 1
A 300 305 1
A 300 306 1
A 300 307 1
A 300 307 1
A 300 307 1
A 300 307 1
A 300 280 1
A 300 280 1
A 300 280 1
A 300 280 1
A 300 280 1
A 300 280 1
A 300 280 1
A 296 308 0
A 308 309 0
A 309 310 0
A 310 311 0
A 311 312 0
A 312 313 0
A 313 285 0
A 4 314 0
A 314 315 0
A 315 316 0
A 315 104 1
A 315 104 1
A 315 104 1
A 315 7 1
A 315 8 1
A 315 9 1
A 315 9 1
A 315 17 1
A 317 318 0
A 318 319 0
A 320 321 0
A 321 322 0
A 322 323 0
A 323 324 0
A 324 325 0
A 325 326 0
A 327 328 0
A 327 305 1
A 327 329 1
A 327 329 1
A 327 329 1
A 327 329 1
A 327 329 1
A 330 331 0
A 331 332 0
A 332 333 0
A 333 334 0
A 104 335 0
A 336 337 0
A 337 338 0
A 338 339 0
A 339 340 0
A 340 341 0
A 341 342 0
A 342 343 0
A 343 344 0
A 344 345 0
A 345 346 0
A 335 347 0
A 346 348 0
A 348 349 0
A 349 350 0
A 350 351 0
A 351 352 0
A 352 353 0
A 353 354 0
A 354 355 0
A 355 356 0
A 356 357 0
A 347 358 0
A 357 359 0
A 359 360 0
A 360 361 0
A 361 362 0
A 362 363 0
A 363 364 0
A 364 365 0
A 365 366 0
A 366 367 0
A 367 368 0
A 358 369 0
A 368 370 0
A 370 371 0
A 370 97 1
A 370 109 1
A 370 2 1
A 369 372 0
A 372 373 0
A 373 374 0
A 374 375 0
A 375 336 0
A 376 377 0
A 378 379 0
A 379 380 0
A 380 381 0
A 381 382 0
A 381 317 1
A 381 317 1
A 381 383 1
A 381 383 1
A 381 383 1
A 381 383 1
A 381 383 1
A 381 383 1
A 381 384 1
A 381 384 1
A 381 385 1
A 381 385 1
A 381 385 1
A 381 385 1
A 381 385 1
A 381 385 1
A 381 385 1
A 386 387 0
A 5 388 0
A 388 389 0
A 390 391 0
A 392 393 0
A 393 394 0
A 394 395 0
A 395 396 0
A 396 397 0
A 397 398 0
A 397 399 1
A 397 399 1
A 397 399 1
A 397 400 1
A 397 401 1
A 397 401 1
A 397 401 1
A 397 401 1
A 397 401 1
A 397 401 1
A 397 402 1
A 397 403 1
A 397 404 1
A 397 405 1
A 397 406 1
A 397 406 1
A 397 406 1
A 397 407 1
A 397 408 1
A 397 409 1
A 397 410 1
A 411 412 0
A 413 414 0
A 414 415 0
A 416 417 0
A 417 418 0
A 419 420 0
A 420 421 0
A 421 422 0
A 422 423 0
A 422 134 1
A 424 425 0
A 424 28 1
A 424 28 1
A 424 28 1
A 424 28 1
A 424 28 1
A 424 28 1
A 424 28 1
A 426 427 0
A 428 429 0
A 430 431 0
A 432 433 0
A 434 435 0
A 435 436 0
A 437 438 0
A 439 440 0
A 440 441 0
A 441 442 0
A 441 443 1
A 444 445 0
A 445 446 0
A 447 448 0
A 449 450 0
A 451 452 0
A 452 453 0
A 453 454 0
A 455 456 0
A 165 457 0
A 458 459 0
A 459 460 0
A 459 461 1
A 462 463 0
A 464 465 0
A 466 467 0
A 467 468 0
A 469 470 0
A 470 471 0
A 471 472 0
A 473 474 0
A 475 476 0
A 477 478 0
A 478 479 0
A 480 481 0
A 480 117 1
A 480 123 1
A 480 147 1
A 480 153 1
A 480 167 1
A 480 220 1
A 480 226 1
A 480 232 1
A 480 238 1
A 480 244 1
A 480 413 1
A 480 416 1
A 480 426 1
A 480 428 1
A 480 430 1
A 480 434 1
A 480 439 1
A 480 439 1
A 480 444 1
A 480 451 1
A 480 451 1
A 480 455 1
A 480 458 1
A 480 466 1
A 480 469 1
A 480 477 1
A 480 482 1
A 480 482 1
A 480 483 1
A 480 484 1
A 480 485 1
A 480 486 1
A 480 487 1
A 480 488 1
A 480 489 1
A 480 490 1
A 480 491 1
A 480 492 1
A 480 493 1
A 480 494 1
A 480 495 1
A 480 496 1
A 480 497 1
A 480 498 1
A 480 499 1
A 480 500 1
A 480 501 1
A 480 502 1
A 480 503 1
A 480 504 1
A 480 505 1
A 480 506 1
A 480 507 1
A 480 508 1
A 480 509 1
A 480 510 1
A 480 511 1
A 480 512 1
A 480 513 1
A 480 514 1
A 480 515 1
A 480 516 1
A 480 517 1
A 480 518 1
A 480 519 1
A 480 520 1
A 480 521 1
A 480 522 1
A 480 523 1
A 480 524 1
A 480 525 1
A 480 526 1
A 480 527 1
A 480 527 1
A 480 528 1
A 480 529 1
A 480 530 1
A 480 531 1
A 480 532 1
A 480 533 1
A 480 534 1
A 480 535 1
A 480 536 1
A 480 461 1
A 480 537 1
A 480 538 1
A 480 539 1
A 480 540 1
A 480 56 1
A 480 541 1
A 480 541 1
A 480 542 1
A 480 542 1
A 480 543 1
A 480 544 1
A 480 545 1
A 480 546 1
A 480 547 1
A 480 548 1
A 480 549 1
A 480 550 1
A 480 551 1
A 480 552 1
A 553 554 0
A 482 555 0
A 555 556 0
A 556 557 0
A 483 558 0
A 484 559 0
A 559 560 0
A 561 562 0
A 485 563 0
A 563 564 0
A 565 566 0
A 486 567 0
A 567 568 0
A 487 569 0
A 569 570 0
A 571 572 0
A 573 574 0
A 488 575 0
A 489 576 0
A 576 577 0
A 490 578 0
A 578 579 0
A 580 581 0
A 580 582 1
A 583 584 0
A 584 585 0
A 585 586 0
A 587 588 0
A 588 589 0
A 589 590 0
A 590 591 0
A 591 592 0
A 592 593 0
A 383 594 0
A 594 595 0
A 595 596 0
A 596 597 0
A 597 598 0
A 598 599 0
A 600 601 0
A 601 602 0
A 602 603 0
A 491 604 0
A 399 605 0
A 605 606 0
A 606 607 0
A 608 609 0
A 609 610 0
A 610 611 0
A 611 612 0
A 612 613 0
A 613 614 0
A 615 616 0
A 616 617 0
A 617 618 0
A 618 619 0
A 619 620 0
A 620 621 0
A 622 623 0
A 623 624 0
A 624 625 0
A 625 626 0
A 627 628 0
A 628 629 0
A 629 630 0
A 630 631 0
A 630 48 1
A 630 632 1
A 630 8 1
A 630 633 1
A 630 634 1
A 630 635 1
A 636 637 0
A 637 638 0
A 638 639 0
A 638 134 1
A 638 640 1
A 638 641 1
A 638 642 1
A 638 643 1
A 638 644 1
A 638 644 1
A 638 645 1
A 638 645 1
A 638 646 1
A 647 648 0
A 648 649 0
A 649 650 0
A 650 651 0
A 652 653 0
A 653 654 0
A 654 655 0
A 656 657 0
A 657 658 0
A 658 659 0
A 658 378 1
A 658 378 1
A 658 378 1
A 658 386 1
A 658 652 1
A 658 652 1
A 658 652 1
A 658 656 1
A 658 660 1
A 658 660 1
A 658 385 1
A 658 385 1
A 658 385 1
A 658 661 1
A 658 661 1
A 658 662 1
A 658 662 1
A 658 663 1
A 658 663 1
A 658 664 1
A 658 664 1
A 658 665 1
A 658 666 1
A 658 666 1
A 658 667 1
A 658 667 1
A 658 667 1
A 668 669 0
A 668 56 1
A 668 56 1
A 400 670 0
A 671 672 0
A 673 674 0
A 674 675 0
A 675 676 0
A 676 677 0
A 677 678 0
A 679 680 0
A 681 682 0
A 682 683 0
A 683 684 0
A 684 685 0
A 685 686 0
A 686 687 0
A 687 688 0
A 688 689 0
A 689 690 0
A 689 50 1
A 689 392 1
A 689 392 1
A 689 392 1
A 689 392 1
A 689 608 1
A 689 656 1
A 689 656 1
A 689 681 1
A 689 691 1
A 689 134 1
A 689 692 1
A 689 693 1
A 689 694 1
A 689 694 1
A 689 640 1
A 689 695 1
A 689 695 1
A 689 695 1
A 689 695 1
A 689 695 1
A 689 695 1
A 689 696 1
A 689 697 1
A 689 697 1
A 689 698 1
A 689 699 1
A 689 699 1
A 689 700 1
A 689 701 1
A 689 702 1
A 689 702 1
A 689 702 1
A 689 702 1
A 689 702 1
A 689 702 1
A 689 702 1
A 703 704 0
A 704 705 0
A 705 706 0
A 706 707 0
A 708 709 0
A 709 710 0
A 710 711 0
A 710 304 1
A 712 713 0
A 713 714 0
A 714 715 0
A 715 716 0
A 716 717 0
A 717 718 0
A 719 720 0
A 720 721 0
A 721 722 0
A 722 723 0
A 724 725 0
A 725 726 0
A 726 727 0
A 727 728 0
A 303 729 0
A 730 731 0
A 731 732 0
A 732 733 0
A 729 734 0
A 734 735 0
A 735 736 0
A 736 737 0
A 737 738 0
A 738 739 0
A 739 740 0
A 740 730 0
A 384 741 0
A 741 742 0
A 304 743 0
A 743 744 0
A 744 745 0
A 745 746 0
A 746 747 0
A 747 748 0
A 748 749 0
A 748 69 1
A 748 69 1
A 748 69 1
A 748 283 1
A 748 283 1
A 748 283 1
A 748 283 1
A 748 283 1
A 748 283 1
A 748 283 1
A 750 751 0
A 751 752 0
A 752 753 0
A 753 754 0
A 754 755 0
A 755 756 0
A 54 757 0
A 660 758 0
A 758 759 0
A 760 761 0
A 6 762 0
A 762 763 0
A 762 8 1
A 762 8 1
A 762 764 1
A 762 765 1
A 762 635 1
A 762 22 1
A 766 767 0
A 767 768 0
A 768 769 0
A 770 771 0
A 7 772 0
A 773 774 0
A 774 775 0
A 774 104 1
A 772 776 0
A 776 777 0
A 777 778 0
A 778 779 0
A 779 780 0
A 780 781 0
A 781 782 0
A 782 773 0
A 632 783 0
A 8 784 0
A 785 786 0
A 786 787 0
A 787 788 0
A 788 789 0
A 789 790 0
A 790 791 0
A 791 792 0
A 792 793 0
A 793 794 0
A 794 795 0
A 784 796 0
A 795 797 0
A 795 80 1
A 795 80 1
A 795 218 1
A 795 283 1
A 795 283 1
A 795 283 1
A 795 283 1
A 795 4 1
A 795 327 1
A 795 104 1
A 795 104 1
A 795 104 1
A 795 627 1
A 795 673 1
A 795 673 1
A 795 673 1
A 795 708 1
A 795 708 1
A 795 708 1
A 795 304 1
A 795 304 1
A 795 304 1
A 795 304 1
A 795 760 1
A 795 7 1
A 795 7 1
A 795 7 1
A 795 7 1
A 795 7 1
A 795 798 1
A 795 798 1
A 795 799 1
A 795 799 1
A 795 10 1
A 795 10 1
A 795 307 1
A 795 307 1
A 795 307 1
A 795 307 1
A 795 12 1
A 795 280 1
A 795 280 1
A 795 280 1
A 795 280 1
A 795 280 1
A 795 800 1
A 795 800 1
A 795 800 1
A 795 800 1
A 795 800 1
A 795 800 1
A 795 800 1
A 795 801 1
A 795 801 1
A 795 802 1
A 795 803 1
A 795 804 1
A 795 805 1
A 795 805 1
A 795 805 1
A 795 805 1
A 795 805 1
A 795 805 1
A 795 805 1
A 796 806 0
A 806 807 0
A 807 808 0
A 808 809 0
A 809 810 0
A 810 811 0
A 811 785 0
A 812 813 0
A 813 814 0
A 814 815 0
A 9 816 0
A 816 817 0
A 817 818 0
A 818 819 0
A 819 820 0
A 819 104 1
A 819 104 1
A 819 104 1
A 819 104 1
A 819 104 1
A 819 104 1
A 819 104 1
A 302 821 0
A 822 823 0
A 823 824 0
A 824 825 0
A 824 305 1
A 824 305 1
A 824 305 1
A 824 305 1
A 824 305 1
A 824 305 1
A 824 305 1
A 821 826 0
A 826 827 0
A 827 828 0
A 828 829 0
A 829 830 0
A 830 831 0
A 831 832 0
A 832 822 0
A 691 833 0
A 691 834 1
A 691 835 1
A 691 56 1
A 691 56 1
A 691 56 1
A 691 56 1
A 798 836 0
A 836 837 0
A 836 65 1
A 836 302 1
A 836 283 1
A 836 627 1
A 836 671 1
A 836 673 1
A 836 8 1
A 836 8 1
A 836 8 1
A 836 838 1
A 836 12 1
A 836 12 1
A 836 280 1
A 836 13 1
A 836 839 1
A 836 840 1
A 836 18 1
A 836 841 1
A 836 842 1
A 836 843 1
A 836 844 1
A 836 845 1
A 836 21 1
A 836 22 1
A 799 846 0
A 846 847 0
A 846 283 1
A 846 104 1
A 846 848 1
A 846 849 1
A 846 849 1
A 305 850 0
A 851 852 0
A 852 853 0
A 853 854 0
A 854 855 0
A 850 856 0
A 856 857 0
A 857 858 0
A 858 859 0
A 859 860 0
A 860 861 0
A 861 862 0
A 862 851 0
A 863 864 0
A 864 865 0
A 865 866 0
A 866 867 0
A 867 868 0
A 868 869 0
A 870 871 0
A 871 872 0
A 872 873 0
A 873 874 0
A 874 875 0
A 875 876 0
A 443 877 0
A 878 879 0
A 879 880 0
A 880 881 0
A 881 882 0
A 882 883 0
A 883 884 0
A 10 885 0
A 885 886 0
A 886 887 0
A 887 888 0
A 306 889 0
A 306 80 1
A 306 80 1
A 306 104 1
A 306 411 1
A 306 307 1
A 306 890 1
A 306 891 1
A 306 892 1
A 306 893 1
A 306 894 1
A 306 849 1
A 306 849 1
A 306 849 1
A 306 895 1
A 306 765 1
A 838 896 0
A 838 12 1
A 764 897 0
A 385 898 0
A 899 900 0
A 900 901 0
A 901 902 0
A 898 903 0
A 903 904 0
A 904 905 0
A 905 906 0
A 906 907 0
A 907 908 0
A 908 909 0
A 909 899 0
A 492 910 0
A 493 911 0
A 494 912 0
A 913 914 0
A 914 915 0
A 915 916 0
A 916 917 0
A 495 918 0
A 496 919 0
A 848 920 0
A 329 921 0
A 921 922 0
A 922 923 0
A 923 924 0
A 924 925 0
A 307 926 0
A 926 927 0
A 927 928 0
A 928 929 0
A 929 930 0
A 930 931 0
A 931 932 0
A 932 933 0
A 933 934 0
A 497 935 0
A 936 937 0
A 498 938 0
A 499 939 0
A 500 940 0
A 501 941 0
A 502 942 0
A 503 943 0
A 504 944 0
A 505 945 0
A 506 946 0
A 507 947 0
A 948 949 0
A 949 950 0
A 950 951 0
A 951 952 0
A 952 953 0
A 953 954 0
A 955 956 0
A 956 957 0
A 957 958 0
A 958 959 0
A 959 960 0
A 960 961 0
A 962 963 0
A 963 964 0
A 964 965 0
A 965 966 0
A 966 967 0
A 967 968 0
A 969 970 0
A 970 971 0
A 971 972 0
A 972 973 0
A 973 974 0
A 974 975 0
A 976 977 0
A 977 978 0
A 978 979 0
A 979 980 0
A 980 981 0
A 981 982 0
A 983 984 0
A 984 985 0
A 985 986 0
A 986 987 0
A 987 988 0
A 988 989 0
A 990 991 0
A 991 992 0
A 992 993 0
A 993 994 0
A 994 995 0
A 995 996 0
A 997 998 0
A 998 999 0
A 999 1000 0
A 1000 1001 0
A 1001 1002 0
A 1002 1003 0
A 1004 1005 0
A 1005 1006 0
A 1006 1007 0
A 1007 1008 0
A 1008 1009 0
A 1009 1010 0
A 508 1011 0
A 1012 1013 0
A 1013 1014 0
A 1014 1015 0
A 1015 1016 0
A 1016 1017 0
A 1017 1018 0
A 1019 1020 0
A 1020 1021 0
A 1021 1022 0
A 1022 1023 0
A 1023 1024 0
A 1024 1025 0
A 1026 1027 0
A 1027 1028 0
A 1028 1029 0
A 1029 1030 0
A 1030 1031 0
A 1031 1032 0
A 1033 1034 0
A 1034 1035 0
A 1035 1036 0
A 1036 1037 0
A 1037 1038 0
A 1038 1039 0
A 1040 1041 0
A 1041 1042 0
A 1042 1043 0
A 1043 1044 0
A 1044 1045 0
A 1045 1046 0
A 1047 1048 0
A 1048 1049 0
A 1049 1050 0
A 1050 1051 0
A 1051 1052 0
A 1052 1053 0
A 1054 1055 0
A 1055 1056 0
A 1056 1057 0
A 1057 1058 0
A 1058 1059 0
A 1059 1060 0
A 1061 1062 0
A 1062 1063 0
A 1063 1064 0
A 1064 1065 0
A 1065 1066 0
A 1066 1067 0
A 1068 1069 0
A 1069 1070 0
A 1070 1071 0
A 1071 1072 0
A 1072 1073 0
A 1073 1074 0
A 1075 1076 0
A 1076 1077 0
A 1077 1078 0
A 1078 1079 0
A 1079 1080 0
A 1080 1081 0
A 509 1082 0
A 510 1083 0
A 511 1084 0
A 512 1085 0
A 513 1086 0
A 514 1087 0
A 515 1088 0
A 890 1089 0
A 516 1090 0
A 1091 1092 0
A 12 1093 0
A 1093 1094 0
A 1094 1095 0
A 1095 1096 0
A 1096 1097 0
A 1098 1099 0
A 1099 1100 0
A 1100 1101 0
A 1102 1103 0
A 1103 1104 0
A 1104 1105 0
A 1106 1107 0
A 1107 1108 0
A 1108 1109 0
A 280 1110 0
A 1111 1112 0
A 1112 1113 0
A 1113 1114 0
A 1114 1115 0
A 1115 1116 0
A 1116 1117 0
A 1117 1118 0
A 1118 1119 0
A 1110 1120 0
A 1120 1121 0
A 1121 1122 0
A 1122 1123 0
A 1123 1124 0
A 1124 1125 0
A 1125 1126 0
A 1126 1111 0
A 196 1127 0
A 1128 1129 0
A 1129 1130 0
A 1130 1131 0
A 800 1132 0
A 1132 1133 0
A 1133 1134 0
A 1134 1135 0
A 1135 1136 0
A 1136 1137 0
A 1137 1138 0
A 1137 283 1
A 1137 283 1
A 1137 283 1
A 1137 283 1
A 1137 303 1
A 1137 303 1
A 1137 303 1
A 1137 303 1
A 1137 303 1
A 1137 303 1
A 1137 8 1
A 1137 8 1
A 1137 8 1
A 1137 8 1
A 1137 8 1
A 1137 8 1
A 1137 8 1
A 891 1139 0
A 1140 1141 0
A 1141 1142 0
A 1142 1143 0
A 134 1144 0
A 1144 1145 0
A 1145 1146 0
A 1146 1147 0
A 1147 1148 0
A 1147 23 1
A 1147 23 1
A 1147 23 1
A 1147 23 1
A 1147 28 1
A 1147 41 1
A 1147 41 1
A 1147 41 1
A 1147 41 1
A 1147 41 1
A 1147 41 1
A 1147 57 1
A 1147 57 1
A 1147 57 1
A 1147 103 1
A 1147 103 1
A 1147 73 1
A 1147 73 1
A 1147 73 1
A 1147 73 1
A 1147 117 1
A 1147 117 1
A 1147 117 1
A 1147 117 1
A 1147 123 1
A 1147 123 1
A 1147 123 1
A 1147 123 1
A 1147 129 1
A 1147 129 1
A 1147 129 1
A 1147 129 1
A 1147 147 1
A 1147 147 1
A 1147 147 1
A 1147 147 1
A 1147 153 1
A 1147 153 1
A 1147 153 1
A 1147 153 1
A 1147 159 1
A 1147 159 1
A 1147 159 1
A 1147 159 1
A 1147 167 1
A 1147 167 1
A 1147 167 1
A 1147 167 1
A 1147 173 1
A 1147 173 1
A 1147 173 1
A 1147 173 1
A 1147 178 1
A 1147 178 1
A 1147 178 1
A 1147 178 1
A 1147 183 1
A 1147 183 1
A 1147 183 1
A 1147 183 1
A 1147 188 1
A 1147 188 1
A 1147 188 1
A 1147 188 1
A 1147 213 1
A 1147 213 1
A 1147 213 1
A 1147 213 1
A 1147 195 1
A 1147 195 1
A 1147 195 1
A 1147 220 1
A 1147 220 1
A 1147 220 1
A 1147 220 1
A 1147 226 1
A 1147 226 1
A 1147 226 1
A 1147 226 1
A 1147 232 1
A 1147 232 1
A 1147 232 1
A 1147 232 1
A 1147 238 1
A 1147 238 1
A 1147 238 1
A 1147 238 1
A 1147 244 1
A 1147 244 1
A 1147 244 1
A 1147 244 1
A 1147 251 1
A 1147 251 1
A 1147 251 1
A 1147 251 1
A 1147 257 1
A 1147 257 1
A 1147 257 1
A 1147 257 1
A 1147 320 1
A 1147 320 1
A 1147 320 1
A 1147 320 1
A 1147 320 1
A 1147 320 1
A 1147 330 1
A 1147 330 1
A 1147 330 1
A 1147 330 1
A 1147 376 1
A 1147 378 1
A 1147 390 1
A 1147 413 1
A 1147 416 1
A 1147 419 1
A 1147 419 1
A 1147 419 1
A 1147 419 1
A 1147 432 1
A 1147 434 1
A 1147 437 1
A 1147 439 1
A 1147 444 1
A 1147 447 1
A 1147 449 1
A 1147 451 1
A 1147 458 1
A 1147 462 1
A 1147 464 1
A 1147 466 1
A 1147 469 1
A 1147 473 1
A 1147 475 1
A 1147 477 1
A 1147 480 1
A 1147 553 1
A 1147 482 1
A 1147 484 1
A 1147 561 1
A 1147 485 1
A 1147 486 1
A 1147 487 1
A 1147 571 1
A 1147 573 1
A 1147 489 1
A 1147 490 1
A 1147 580 1
A 1147 583 1
A 1147 583 1
A 1147 583 1
A 1147 587 1
A 1147 587 1
A 1147 587 1
A 1147 587 1
A 1147 587 1
A 1147 587 1
A 1147 600 1
A 1147 600 1
A 1147 600 1
A 1147 615 1
A 1147 615 1
A 1147 615 1
A 1147 615 1
A 1147 615 1
A 1147 615 1
A 1147 622 1
A 1147 622 1
A 1147 622 1
A 1147 622 1
A 1147 636 1
A 1147 636 1
A 1147 636 1
A 1147 647 1
A 1147 647 1
A 1147 647 1
A 1147 647 1
A 1147 703 1
A 1147 703 1
A 1147 703 1
A 1147 703 1
A 1147 712 1
A 1147 712 1
A 1147 712 1
A 1147 712 1
A 1147 712 1
A 1147 712 1
A 1147 719 1
A 1147 719 1
A 1147 719 1
A 1147 719 1
A 1147 724 1
A 1147 724 1
A 1147 724 1
A 1147 724 1
A 1147 740 1
A 1147 740 1
A 1147 740 1
A 1147 740 1
A 1147 750 1
A 1147 750 1
A 1147 750 1
A 1147 750 1
A 1147 750 1
A 1147 750 1
A 1147 766 1
A 1147 766 1
A 1147 766 1
A 1147 812 1
A 1147 812 1
A 1147 812 1
A 1147 863 1
A 1147 863 1
A 1147 863 1
A 1147 863 1
A 1147 863 1
A 1147 863 1
A 1147 870 1
A 1147 870 1
A 1147 870 1
A 1147 870 1
A 1147 870 1
A 1147 870 1
A 1147 878 1
A 1147 878 1
A 1147 878 1
A 1147 878 1
A 1147 878 1
A 1147 878 1
A 1147 913 1
A 1147 913 1
A 1147 913 1
A 1147 913 1
A 1147 948 1
A 1147 948 1
A 1147 948 1
A 1147 948 1
A 1147 948 1
A 1147 948 1
A 1147 955 1
A 1147 955 1
A 1147 955 1
A 1147 955 1
A 1147 955 1
A 1147 955 1
A 1147 962 1
A 1147 962 1
A 1147 962 1
A 1147 962 1
A 1147 962 1
A 1147 962 1
A 1147 969 1
A 1147 969 1
A 1147 969 1
A 1147 969 1
A 1147 969 1
A 1147 969 1
A 1147 976 1
A 1147 976 1
A 1147 976 1
A 1147 976 1
A 1147 976 1
A 1147 976 1
A 1147 983 1
A 1147 983 1
A 1147 983 1
A 1147 983 1
A 1147 983 1
A 1147 983 1
A 1147 990 1
A 1147 990 1
A 1147 990 1
A 1147 990 1
A 1147 990 1
A 1147 990 1
A 1147 997 1
A 1147 997 1
A 1147 997 1
A 1147 997 1
A 1147 997 1
A 1147 997 1
A 1147 1004 1
A 1147 1004 1
A 1147 1004 1
A 1147 1004 1
A 1147 1004 1
A 1147 1004 1
A 1147 1012 1
A 1147 1012 1
A 1147 1012 1
A 1147 1012 1
A 1147 1012 1
A 1147 1012 1
A 1147 1019 1
A 1147 1019 1
A 1147 1019 1
A 1147 1019 1
A 1147 1019 1
A 1147 1019 1
A 1147 1026 1
A 1147 1026 1
A 1147 1026 1
A 1147 1026 1
A 1147 1026 1
A 1147 1026 1
A 1147 1033 1
A 1147 1033 1
A 1147 1033 1
A 1147 1033 1
A 1147 1033 1
A 1147 1033 1
A 1147 1040 1
A 1147 1040 1
A 1147 1040 1
A 1147 1040 1
A 1147 1040 1
A 1147 1040 1
A 1147 1047 1
A 1147 1047 1
A 1147 1047 1
A 1147 1047 1
A 1147 1047 1
A 1147 1047 1
A 1147 1054 1
A 1147 1054 1
A 1147 1054 1
A 1147 1054 1
A 1147 1054 1
A 1147 1054 1
A 1147 1061 1
A 1147 1061 1
A 1147 1061 1
A 1147 1061 1
A 1147 1061 1
A 1147 1061 1
A 1147 1068 1
A 1147 1068 1
A 1147 1068 1
A 1147 1068 1
A 1147 1068 1
A 1147 1068 1
A 1147 1075 1
A 1147 1075 1
A 1147 1075 1
A 1147 1075 1
A 1147 1075 1
A 1147 1075 1
A 1147 1098 1
A 1147 1098 1
A 1147 1098 1
A 1147 1102 1
A 1147 1102 1
A 1147 1102 1
A 1147 1106 1
A 1147 1106 1
A 1147 1106 1
A 1147 1128 1
A 1147 1128 1
A 1147 1128 1
A 1147 1140 1
A 1147 1140 1
A 1147 1140 1
A 1147 1149 1
A 1147 1149 1
A 1147 1149 1
A 1147 1149 1
A 1147 1149 1
A 1147 1149 1
A 1147 1149 1
A 1149 1150 0
A 1150 1151 0
A 1151 1152 0
A 1152 1153 0
A 1153 1154 0
A 1154 1155 0
A 1155 1156 0
A 801 1157 0
A 1157 1158 0
A 13 1159 0
A 1159 1160 0
A 1160 1161 0
A 1162 1163 0
A 892 1164 0
A 692 1165 0
A 693 1166 0
A 1166 1167 0
A 1168 1169 0
A 1169 1170 0
A 694 1171 0
A 1171 1172 0
A 802 1173 0
A 802 61 1
A 802 61 1
A 802 61 1
A 802 97 1
A 802 97 1
A 802 80 1
A 802 80 1
A 802 80 1
A 802 80 1
A 802 80 1
A 802 268 1
A 802 268 1
A 802 268 1
A 802 302 1
A 802 302 1
A 802 283 1
A 802 283 1
A 802 283 1
A 802 283 1
A 802 283 1
A 802 283 1
A 802 283 1
A 661 1174 0
A 1174 1175 0
A 1174 565 1
A 1174 385 1
A 1174 385 1
A 1174 1176 1
A 517 1177 0
A 803 1178 0
A 1179 1180 0
A 1179 112 1
A 1179 112 1
A 14 1181 0
A 1181 1182 0
A 1182 1183 0
A 1184 1185 0
A 804 1186 0
A 805 1187 0
A 1187 1188 0
A 1188 1189 0
A 1189 1190 0
A 1190 1191 0
A 1191 1192 0
A 1192 1193 0
A 401 1194 0
A 1194 1195 0
A 1195 1196 0
A 1196 1197 0
A 1197 1198 0
A 1198 1199 0
A 1198 37 1
A 1198 37 1
A 1198 37 1
A 1198 115 1
A 1198 392 1
A 1198 392 1
A 1198 469 1
A 1198 608 1
A 1198 608 1
A 1198 608 1
A 1198 608 1
A 1198 608 1
A 1198 1168 1
A 1198 1168 1
A 1198 1184 1
A 1198 1200 1
A 1198 1201 1
A 1198 1202 1
A 1198 1203 1
A 1198 701 1
A 1198 701 1
A 1198 701 1
A 1198 701 1
A 1198 702 1
A 1198 702 1
A 1198 702 1
A 1198 702 1
A 893 1204 0
A 11 1205 0
A 11 65 1
A 11 65 1
A 11 97 1
A 11 97 1
A 11 109 1
A 11 262 1
A 11 302 1
A 11 302 1
A 11 302 1
A 11 302 1
A 11 302 1
A 11 302 1
A 11 302 1
A 839 1206 0
A 640 1207 0
A 1207 1208 0
A 1209 1210 0
A 1210 1211 0
A 1210 1212 1
A 695 1213 0
A 1213 1214 0
A 1214 1215 0
A 1215 1216 0
A 1216 1217 0
A 1217 1218 0
A 1217 50 1
A 1217 681 1
A 1217 681 1
A 1217 681 1
A 1217 681 1
A 1217 681 1
A 1217 681 1
A 1217 1219 1
A 1217 1220 1
A 1217 56 1
A 1217 56 1
A 1217 56 1
A 1217 56 1
A 1217 56 1
A 1217 56 1
A 834 1221 0
A 696 1222 0
A 697 1223 0
A 1223 1224 0
A 1223 1209 1
A 1223 1209 1
A 633 1225 0
A 633 627 1
A 633 627 1
A 633 635 1
A 633 635 1
A 633 635 1
A 518 1226 0
A 1200 1227 0
A 274 1228 0
A 275 1229 0
A 1229 1230 0
A 1229 277 1
A 197 1231 0
A 197 2 1
A 197 2 1
A 197 2 1
A 197 2 1
A 197 2 1
A 197 2 1
A 197 268 1
A 197 104 1
A 197 104 1
A 197 104 1
A 197 104 1
A 197 104 1
A 197 104 1
A 197 104 1
A 634 1232 0
A 1233 1234 0
A 1234 1235 0
A 15 1236 0
A 1236 1237 0
A 1237 1238 0
A 1238 1239 0
A 1239 1240 0
A 1239 424 1
A 1239 668 1
A 1239 679 1
A 1239 681 1
A 1239 770 1
A 1239 1091 1
A 1239 134 1
A 1239 693 1
A 1239 1179 1
A 1239 1233 1
A 1239 1233 1
A 1239 15 1
A 1239 15 1
A 1239 1241 1
A 1239 1241 1
A 1239 137 1
A 1239 1242 1
A 1239 1242 1
A 1239 1242 1
A 1239 1243 1
A 1239 1244 1
A 1239 1245 1
A 1239 1246 1
A 1239 56 1
A 1239 56 1
A 1239 56 1
A 1239 1247 1
A 1239 1247 1
A 1239 1247 1
A 1201 1248 0
A 1202 1249 0
A 582 1250 0
A 1241 1251 0
A 1251 1252 0
A 698 1253 0
A 402 1254 0
A 699 1255 0
A 1255 1256 0
A 403 1257 0
A 404 1258 0
A 700 1259 0
A 700 681 1
A 405 1260 0
A 1203 1261 0
A 198 1262 0
A 641 1263 0
A 662 1264 0
A 1264 1265 0
A 701 1266 0
A 1266 1267 0
A 1267 1268 0
A 1268 1269 0
A 1269 1270 0
A 702 1271 0
A 1272 1273 0
A 1273 1274 0
A 1271 1275 0
A 1275 1276 0
A 1276 1277 0
A 1277 1278 0
A 1278 1279 0
A 1279 1280 0
A 1280 1281 0
A 1281 1272 0
A 663 1282 0
A 1282 1283 0
A 1282 78 1
A 1282 1118 1
A 406 1284 0
A 1284 1285 0
A 1285 1286 0
A 135 1287 0
A 136 1288 0
A 1288 1289 0
A 1289 1290 0
A 1290 1291 0
A 137 1292 0
A 1292 1293 0
A 894 1294 0
A 138 1295 0
A 267 1296 0
A 267 97 1
A 267 262 1
A 267 262 1
A 267 262 1
A 267 104 1
A 267 104 1
A 519 1297 0
A 849 1298 0
A 1298 1299 0
A 1299 1300 0
A 1300 1301 0
A 1301 1302 0
A 1302 1303 0
A 1303 1304 0
A 1303 104 1
A 1303 673 1
A 1303 303 1
A 1303 305 1
A 199 1305 0
A 199 104 1
A 199 104 1
A 199 104 1
A 199 104 1
A 199 104 1
A 199 7 1
A 199 277 1
A 199 21 1
A 199 22 1
A 200 1306 0
A 201 1307 0
A 1176 1308 0
A 642 1309 0
A 643 1310 0
A 840 1311 0
A 407 1312 0
A 1242 1313 0
A 1313 1314 0
A 1314 1315 0
A 895 1316 0
A 520 1317 0
A 408 1318 0
A 644 1319 0
A 1319 1320 0
A 16 1321 0
A 16 302 1
A 16 305 1
A 16 305 1
A 16 849 1
A 16 1322 1
A 17 1323 0
A 1323 1324 0
A 1324 1325 0
A 1325 1326 0
A 202 1327 0
A 18 1328 0
A 1328 1329 0
A 1329 1330 0
A 1330 1331 0
A 1330 8 1
A 1330 22 1
A 19 1332 0
A 841 1333 0
A 521 1334 0
A 139 1335 0
A 1335 1336 0
A 140 1337 0
A 166 1338 0
A 522 1339 0
A 664 1340 0
A 1340 1341 0
A 523 1342 0
A 524 1343 0
A 765 1344 0
A 1344 1345 0
A 525 1346 0
A 526 1347 0
A 1219 1348 0
A 409 1349 0
A 835 1350 0
A 645 1351 0
A 1351 1352 0
A 527 1353 0
A 1353 1354 0
A 141 1355 0
A 1243 1356 0
A 1243 15 1
A 528 1357 0
A 529 1358 0
A 410 1359 0
A 1244 1360 0
A 1244 244 1
A 1244 56 1
A 1244 56 1
A 1244 56 1
A 1244 56 1
A 530 1361 0
A 531 1362 0
A 1245 1363 0
A 532 1364 0
A 533 1365 0
A 534 1366 0
A 276 1367 0
A 535 1368 0
A 536 1369 0
A 646 1370 0
A 461 1371 0
A 1371 1372 0
A 55 1373 0
A 1220 1374 0
A 665 1375 0
A 537 1376 0
A 538 1377 0
A 539 1378 0
A 842 1379 0
A 842 80 1
A 842 107 1
A 842 268 1
A 842 936 1
A 842 280 1
A 842 13 1
A 842 1162 1
A 842 275 1
A 842 843 1
A 842 1380 1
A 842 277 1
A 843 1381 0
A 1381 1382 0
A 666 1383 0
A 1383 1384 0
A 667 1385 0
A 1385 1386 0
A 1386 1387 0
A 1246 1388 0
A 142 1389 0
A 1389 1390 0
A 1390 1391 0
A 143 1392 0
A 144 1393 0
A 1380 1394 0
A 844 1395 0
A 1212 1396 0
A 20 1397 0
A 281 1398 0
A 282 1399 0
A 540 1400 0
A 56 1401 0
A 1402 1403 0
A 1403 1404 0
A 1404 1405 0
A 1405 1406 0
A 1406 1407 0
A 1407 1408 0
A 1408 1409 0
A 1409 1410 0
A 1410 1411 0
A 1411 1412 0
A 1401 1413 0
A 1412 1414 0
A 1414 1415 0
A 1415 1416 0
A 1416 1417 0
A 1417 1418 0
A 1418 1419 0
A 1413 1420 0
A 1420 1421 0
A 1421 1422 0
A 1422 1423 0
A 1423 1424 0
A 1424 1425 0
A 1425 1402 0
A 845 1426 0
A 541 1427 0
A 1427 1428 0
A 1322 1429 0
A 145 1430 0
A 277 1431 0
A 1431 1432 0
A 1432 1433 0
A 1433 1434 0
A 542 1435 0
A 1435 1436 0
A 543 1437 0
A 544 1438 0
A 635 1439 0
A 1439 1440 0
A 1440 1441 0
A 1441 1442 0
A 1442 1443 0
A 1247 1444 0
A 1444 1445 0
A 1445 1446 0
A 146 1447 0
A 21 1448 0
A 1448 1449 0
A 1449 1450 0
A 1450 1451 0
A 1451 1452 0
A 1451 104 1
A 1451 104 1
A 1451 104 1
A 1451 104 1
A 1451 104 1
A 1451 104 1
A 1451 104 1
A 22 1453 0
A 1453 1454 0
A 1454 1455 0
A 1455 1456 0
A 1456 1457 0
A 1456 849 1
A 545 1458 0
A 546 1459 0
A 547 1460 0
A 548 1461 0
A 549 1462 0
A 550 1463 0
A 551 1464 0
A 552 1465 0
T 825
T 1
T 27
T 49
T 36
T 40
T 47
T 68
T 53
T 64
T 60
T 106
T 72
T 77
T 79
T 89
T 111
T 108
T 114
T 116
T 122
T 128
T 133
T 152
T 158
T 164
T 172
T 177
T 182
T 187
T 192
T 217
T 205
T 225
T 219
T 231
T 237
T 243
T 250
T 256
T 261
T 266
T 273
T 279
T 301
T 316
T 319
T 326
T 328
T 334
T 371
T 377
T 389
T 382
T 387
T 391
T 398
T 412
T 415
T 418
T 423
T 425
T 427
T 429
T 431
T 433
T 436
T 438
T 442
T 446
T 448
T 450
T 454
T 456
T 457
T 460
T 463
T 465
T 468
T 472
T 474
T 476
T 479
T 481
T 554
T 557
T 558
T 560
T 562
T 564
T 568
T 566
T 570
T 572
T 574
T 575
T 577
T 579
T 581
T 586
T 593
T 604
T 599
T 603
T 607
T 614
T 621
T 626
T 631
T 639
T 651
T 655
T 659
T 669
T 672
T 670
T 678
T 680
T 690
T 707
T 711
T 718
T 723
T 728
T 733
T 749
T 742
T 756
T 757
T 759
T 761
T 763
T 775
T 769
T 771
T 783
T 797
T 815
T 820
T 1205
T 837
T 833
T 847
T 855
T 869
T 876
T 877
T 888
T 884
T 889
T 896
T 897
T 902
T 910
T 911
T 912
T 917
T 918
T 920
T 919
T 925
T 934
T 937
T 935
T 938
T 939
T 940
T 941
T 942
T 943
T 944
T 945
T 946
T 947
T 1011
T 954
T 961
T 968
T 975
T 982
T 989
T 996
T 1003
T 1010
T 1018
T 1025
T 1032
T 1039
T 1046
T 1053
T 1060
T 1067
T 1074
T 1081
T 1082
T 1083
T 1084
T 1085
T 1086
T 1087
T 1088
T 1089
T 1097
T 1090
T 1092
T 1119
T 1101
T 1105
T 1109
T 1127
T 1139
T 1131
T 1138
T 1148
T 1143
T 1156
T 1158
T 1161
T 1163
T 1164
T 1165
T 1167
T 1170
T 1173
T 1172
T 1175
T 1177
T 1178
T 1180
T 1183
T 1185
T 1186
T 1193
T 1199
T 1204
T 1296
T 1206
T 1208
T 1211
T 1218
T 1221
T 1222
T 1224
T 1225
T 1226
T 1227
T 1228
T 1230
T 1231
T 1232
T 1235
T 1240
T 1248
T 1249
T 1250
T 1252
T 1253
T 1254
T 1256
T 1257
T 1258
T 1259
T 1260
T 1261
T 1262
T 1263
T 1265
T 1270
T 1274
T 1283
T 1286
T 1287
T 1291
T 1293
T 1294
T 1295
T 1304
T 1297
T 1305
T 1306
T 1307
T 1308
T 1309
T 1310
T 1311
T 1312
T 1315
T 1316
T 1317
T 1318
T 1320
T 1321
T 1326
T 1327
T 1331
T 1332
T 1333
T 1334
T 1336
T 1338
T 1337
T 1339
T 1341
T 1342
T 1345
T 1343
T 1346
T 1347
T 1348
T 1350
T 1349
T 1352
T 1354
T 1355
T 1356
T 1357
T 1358
T 1359
T 1360
T 1361
T 1362
T 1363
T 1364
T 1365
T 1366
T 1367
T 1368
T 1369
T 1370
T 1372
T 1373
T 1374
T 1375
T 1376
T 1377
T 1378
T 1379
T 1382
T 1384
T 1387
T 1388
T 1391
T 1392
T 1393
T 1394
T 1395
T 1396
T 1397
T 1398
T 1399
T 1400
T 1419
T 1426
T 1428
T 1429
T 1430
T 1434
T 1436
T 1437
T 1438
T 1443
T 1446
T 1452
T 1447
T 1457
T 1458
T 1459
T 1460
T 1461
T 1462
T 1463
T 1464
T 1465
Root 1
EOF