E 1 2 1
E 1 2 1
E 1 2 1
E 1 3 1
E 1 3 1
E 1 4 1
E 1 4 1
E 1 5 1
E 1 5 1
E 1 6 1
E 1 6 1
E 1 7 1
E 1 7 1
E 1 7 1
E 1 7 1
E 1 8 1
E 1 8 1
E 1 8 1
E 1 8 1
E 1 9 1
E 1 9 1
E 1 10 1
E 1 10 1
E 1 11 1
E 1 12 1
E 1 13 1
E 1 14 1
E 1 14 1
E 1 14 1
E 1 15 1
E 1 15 1
E 1 16 1
E 1 17 1
E 1 17 1
E 1 18 1
E 1 18 1
E 1 18 1
E 1 19 1
E 1 20 1
E 1 21 1
E 1 21 1
E 1 22 1
E 23 24 0
E 25 26 0
E 26 27 0
E 27 28 0
E 28 29 0
E 30 31 0
E 31 32 0
E 32 33 0
E 33 34 0
E 34 35 0
E 35 36 0
E 36 37 0
E 37 38 0
E 39 40 0
E 40 41 0
E 41 42 0
E 42 43 0
E 43 44 0
E 44 45 0
E 46 47 0
E 48 49 0
E 49 50 0
E 50 51 0
E 50 48 1
E 50 52 1
E 50 53 1
E 50 54 1
E 50 54 1
E 50 54 1
E 50 54 1
E 50 54 1
E 55 56 0
E 57 58 0
E 59 60 0
E 61 62 0
E 62 63 0
E 63 64 0
E 65 66 0
E 66 67 0
E 67 68 0
E 69 70 0
E 71 72 0
E 72 73 0
E 73 74 0
E 75 76 0
E 76 77 0
E 77 78 0
E 78 79 0
E 80 81 0
E 80 82 1
E 80 82 1
E 80 82 1
E 80 82 1
E 80 82 1
E 80 82 1
E 80 82 1
E 83 84 0
E 85 86 0
E 82 87 0
E 88 89 0
E 89 90 0
E 90 91 0
E 91 92 0
E 92 93 0
E 93 94 0
E 94 95 0
E 95 96 0
E 96 97 0
E 97 98 0
E 87 99 0
E 98 100 0
E 100 101 0
E 101 102 0
E 102 103 0
E 103 104 0
E 103 82 1
E 103 82 1
E 103 82 1
E 103 82 1
E 103 82 1
E 103 82 1
E 99 105 0
E 105 106 0
E 106 107 0
E 107 108 0
E 108 109 0
E 109 110 0
E 110 88 0
E 111 112 0
E 112 113 0
E 114 115 0
E 115 116 0
E 116 117 0
E 117 118 0
E 118 119 0
E 119 120 0
E 120 121 0
E 120 122 1
E 121 123 0
E 123 124 0
E 125 126 0
E 126 127 0
E 127 128 0
E 127 129 1
E 130 131 0
E 131 132 0
E 133 134 0
E 135 136 0
E 137 138 0
E 138 139 0
E 139 140 0
E 140 141 0
E 141 142 0
E 142 143 0
E 143 144 0
E 144 145 0
E 146 147 0
E 147 148 0
E 148 149 0
E 149 150 0
E 150 151 0
E 151 152 0
E 152 153 0
E 154 155 0
E 155 156 0
E 156 157 0
E 157 158 0
E 158 159 0
E 159 160 0
E 160 161 0
E 161 162 0
E 161 163 1
E 161 164 1
E 161 165 1
E 161 165 1
E 161 165 1
E 161 165 1
E 161 166 1
E 161 167 1
E 161 168 1
E 161 168 1
E 161 169 1
E 161 170 1
E 161 171 1
E 161 171 1
E 161 171 1
E 161 172 1
E 161 173 1
E 161 174 1
E 161 175 1
E 176 177 0
E 177 178 0
E 178 179 0
E 179 180 0
E 181 182 0
E 182 183 0
E 183 184 0
E 184 185 0
E 185 186 0
E 187 188 0
E 188 189 0
E 189 190 0
E 190 191 0
E 190 192 1
E 190 193 1
E 194 195 0
E 195 196 0
E 196 197 0
E 198 199 0
E 199 200 0
E 200 201 0
E 201 202 0
E 202 203 0
E 204 205 0
E 205 206 0
E 206 207 0
E 207 208 0
E 209 210 0
E 210 211 0
E 211 212 0
E 212 213 0
E 214 215 0
E 215 216 0
E 216 217 0
E 217 218 0
E 219 220 0
E 220 221 0
E 221 222 0
E 222 223 0
E 2 224 0
E 225 226 0
E 226 227 0
E 227 228 0
E 227 122 1
E 227 9 1
E 227 229 1
E 227 230 1
E 227 231 1
E 227 232 1
E 227 233 1
E 227 234 1
E 227 17 1
E 227 235 1
E 227 21 1
E 228 236 0
E 236 237 0
E 237 238 0
E 224 239 0
E 239 240 0
E 240 241 0
E 241 242 0
E 242 243 0
E 243 244 0
E 244 245 0
E 245 225 0
E 246 247 0
E 247 248 0
E 248 249 0
E 249 250 0
E 251 252 0
E 253 254 0
E 254 255 0
E 255 256 0
E 256 257 0
E 257 258 0
E 259 260 0
E 260 261 0
E 261 262 0
E 262 263 0
E 263 264 0
E 265 266 0
E 266 267 0
E 267 268 0
E 268 269 0
E 270 271 0
E 271 272 0
E 272 273 0
E 273 274 0
E 274 275 0
E 275 276 0
E 276 277 0
E 277 278 0
E 279 280 0
E 280 281 0
E 281 282 0
E 282 283 0
E 283 284 0
E 284 285 0
E 286 287 0
E 287 288 0
E 288 289 0
E 289 290 0
E 291 292 0
E 292 293 0
E 293 294 0
E 294 295 0
E 296 297 0
E 296 298 1
E 299 300 0
E 300 301 0
E 301 302 0
E 302 303 0
E 302 304 1
E 302 305 1
E 302 306 1
E 302 307 1
E 3 308 0
E 308 309 0
E 308 122 1
E 308 129 1
E 308 129 1
E 308 310 1
E 308 311 1
E 312 313 0
E 314 315 0
E 315 316 0
E 316 317 0
E 317 318 0
E 318 319 0
E 319 320 0
E 320 321 0
E 321 322 0
E 322 323 0
E 323 324 0
E 313 325 0
E 324 326 0
E 324 327 1
E 324 129 1
E 324 129 1
E 324 328 1
E 324 329 1
E 324 330 1
E 324 330 1
E 324 307 1
E 325 331 0
E 331 332 0
E 332 333 0
E 333 334 0
E 334 335 0
E 335 336 0
E 336 314 0
E 4 337 0
E 337 338 0
E 338 339 0
E 339 340 0
E 340 341 0
E 340 122 1
E 340 122 1
E 340 122 1
E 340 7 1
E 340 8 1
E 340 9 1
E 340 9 1
E 340 17 1
E 342 343 0
E 344 345 0
E 345 346 0
E 346 347 0
E 347 348 0
E 348 349 0
E 349 350 0
E 351 352 0
E 352 353 0
E 354 355 0
E 355 356 0
E 356 357 0
E 357 358 0
E 358 359 0
E 359 360 0
E 361 362 0
E 361 363 1
E 361 364 1
E 361 364 1
E 361 364 1
E 361 364 1
E 361 364 1
E 365 366 0
E 366 367 0
E 367 368 0
E 368 369 0
E 370 371 0
E 371 372 0
E 372 373 0
E 373 374 0
E 374 375 0
E 375 376 0
E 376 377 0
E 376 194 1
E 376 194 1
E 376 194 1
E 376 378 1
E 376 379 1
E 376 380 1
E 376 381 1
E 376 381 1
E 376 382 1
E 376 383 1
E 376 384 1
E 378 385 0
E 386 387 0
E 387 388 0
E 387 122 1
E 387 122 1
E 387 122 1
E 387 122 1
E 387 122 1
E 387 122 1
E 387 122 1
E 387 389 1
E 387 390 1
E 387 391 1
E 387 391 1
E 387 392 1
E 387 393 1
E 394 395 0
E 394 396 1
E 394 397 1
E 122 398 0
E 399 400 0
E 400 401 0
E 401 402 0
E 402 403 0
E 403 404 0
E 404 405 0
E 405 406 0
E 406 407 0
E 407 408 0
E 408 409 0
E 398 410 0
E 409 411 0
E 411 412 0
E 412 413 0
E 413 414 0
E 414 415 0
E 415 416 0
E 416 417 0
E 417 418 0
E 418 419 0
E 419 420 0
E 410 421 0
E 420 422 0
E 422 423 0
E 423 424 0
E 424 425 0
E 425 426 0
E 426 427 0
E 427 428 0
E 428 429 0
E 429 430 0
E 430 431 0
E 421 432 0
E 431 433 0
E 433 434 0
E 434 435 0
E 435 436 0
E 436 437 0
E 437 438 0
E 438 439 0
E 439 440 0
E 440 441 0
E 441 442 0
E 432 443 0
E 442 444 0
E 444 445 0
E 445 446 0
E 446 447 0
E 447 448 0
E 448 449 0
E 449 450 0
E 450 451 0
E 451 452 0
E 452 453 0
E 443 454 0
E 453 455 0
E 455 456 0
E 456 457 0
E 457 458 0
E 458 459 0
E 459 460 0
E 460 461 0
E 461 462 0
E 462 463 0
E 463 464 0
E 454 465 0
E 464 466 0
E 466 467 0
E 467 468 0
E 468 469 0
E 469 470 0
E 470 471 0
E 471 472 0
E 472 473 0
E 473 474 0
E 474 475 0
E 465 476 0
E 475 477 0
E 477 478 0
E 477 114 1
E 477 130 1
E 477 2 1
E 476 399 0
E 479 480 0
E 481 482 0
E 483 484 0
E 484 485 0
E 485 486 0
E 486 487 0
E 486 351 1
E 486 351 1
E 486 488 1
E 486 488 1
E 486 488 1
E 486 488 1
E 486 488 1
E 486 488 1
E 486 489 1
E 486 489 1
E 486 490 1
E 486 490 1
E 486 490 1
E 486 490 1
E 486 490 1
E 486 490 1
E 486 490 1
E 491 492 0
E 5 493 0
E 493 494 0
E 494 495 0
E 494 80 1
E 494 85 1
E 494 4 1
E 494 342 1
E 494 386 1
E 494 122 1
E 494 122 1
E 494 122 1
E 494 122 1
E 494 122 1
E 494 122 1
E 494 122 1
E 496 497 0
E 498 499 0
E 499 500 0
E 500 501 0
E 501 502 0
E 501 503 1
E 501 503 1
E 501 503 1
E 501 504 1
E 501 505 1
E 501 505 1
E 501 505 1
E 501 505 1
E 501 505 1
E 501 505 1
E 501 506 1
E 501 507 1
E 501 508 1
E 501 509 1
E 501 510 1
E 501 510 1
E 501 510 1
E 501 511 1
E 501 512 1
E 501 513 1
E 501 514 1
E 515 516 0
E 516 517 0
E 516 518 1
E 519 520 0
E 519 521 1
E 519 522 1
E 519 523 1
E 519 524 1
E 519 525 1
E 519 526 1
E 519 527 1
E 519 528 1
E 519 529 1
E 519 530 1
E 519 531 1
E 519 532 1
E 519 533 1
E 519 534 1
E 519 535 1
E 519 536 1
E 519 537 1
E 519 538 1
E 519 539 1
E 519 540 1
E 519 541 1
E 519 542 1
E 519 543 1
E 519 544 1
E 519 545 1
E 519 546 1
E 519 547 1
E 519 548 1
E 519 549 1
E 519 550 1
E 519 551 1
E 519 552 1
E 519 553 1
E 519 554 1
E 519 555 1
E 519 556 1
E 519 557 1
E 519 558 1
E 519 559 1
E 519 560 1
E 519 561 1
E 519 562 1
E 519 563 1
E 519 564 1
E 519 565 1
E 519 566 1
E 519 567 1
E 519 568 1
E 569 570 0
E 571 572 0
E 573 574 0
E 574 575 0
E 575 576 0
E 576 577 0
E 576 163 1
E 578 579 0
E 580 581 0
E 580 30 1
E 580 30 1
E 580 30 1
E 580 30 1
E 580 30 1
E 580 30 1
E 580 30 1
E 582 583 0
E 584 585 0
E 586 587 0
E 587 588 0
E 589 590 0
E 591 592 0
E 592 593 0
E 592 594 1
E 595 596 0
E 597 598 0
E 599 600 0
E 601 602 0
E 603 604 0
E 603 181 1
E 603 198 1
E 603 253 1
E 603 259 1
E 603 279 1
E 603 586 1
E 603 591 1
E 603 597 1
E 603 605 1
E 603 606 1
E 603 607 1
E 603 379 1
E 603 608 1
E 603 609 1
E 603 610 1
E 603 611 1
E 603 612 1
E 603 613 1
E 603 614 1
E 603 615 1
E 603 616 1
E 603 617 1
E 603 618 1
E 603 619 1
E 603 620 1
E 603 621 1
E 603 622 1
E 603 623 1
E 603 624 1
E 603 625 1
E 603 626 1
E 603 627 1
E 603 628 1
E 603 629 1
E 603 630 1
E 603 631 1
E 192 632 0
E 605 633 0
E 633 634 0
E 635 636 0
E 637 638 0
E 639 640 0
E 641 642 0
E 643 644 0
E 606 645 0
E 645 646 0
E 647 648 0
E 649 650 0
E 651 652 0
E 607 653 0
E 653 654 0
E 379 655 0
E 655 656 0
E 656 657 0
E 608 658 0
E 658 659 0
E 660 661 0
E 662 663 0
E 664 665 0
E 666 667 0
E 668 669 0
E 609 670 0
E 609 671 1
E 609 672 1
E 609 673 1
E 609 622 1
E 609 674 1
E 609 675 1
E 609 54 1
E 609 54 1
E 610 676 0
E 676 677 0
E 677 678 0
E 679 680 0
E 680 681 0
E 682 683 0
E 684 685 0
E 684 673 1
E 686 687 0
E 687 688 0
E 688 689 0
E 380 690 0
E 691 692 0
E 692 693 0
E 693 694 0
E 694 695 0
E 695 696 0
E 696 697 0
E 381 698 0
E 698 699 0
E 698 397 1
E 698 397 1
E 698 397 1
E 698 700 1
E 698 700 1
E 698 700 1
E 488 701 0
E 701 702 0
E 702 703 0
E 703 704 0
E 704 705 0
E 705 706 0
E 707 708 0
E 708 709 0
E 709 710 0
E 503 711 0
E 711 712 0
E 712 713 0
E 713 714 0
E 714 715 0
E 715 716 0
E 716 717 0
E 717 718 0
E 382 719 0
E 720 721 0
E 721 722 0
E 723 724 0
E 724 725 0
E 725 726 0
E 383 727 0
E 728 729 0
E 729 730 0
E 730 731 0
E 730 728 1
E 730 732 1
E 733 734 0
E 734 735 0
E 735 736 0
E 736 737 0
E 737 738 0
E 738 739 0
E 740 741 0
E 611 742 0
E 743 744 0
E 744 745 0
E 745 746 0
E 746 747 0
E 748 749 0
E 749 750 0
E 750 751 0
E 751 752 0
E 752 753 0
E 752 46 1
E 752 754 1
E 752 8 1
E 752 755 1
E 752 756 1
E 752 757 1
E 758 759 0
E 759 760 0
E 760 761 0
E 760 163 1
E 760 762 1
E 760 543 1
E 760 763 1
E 760 764 1
E 760 765 1
E 760 765 1
E 760 766 1
E 760 766 1
E 760 767 1
E 384 768 0
E 769 770 0
E 770 771 0
E 771 772 0
E 772 773 0
E 774 775 0
E 775 776 0
E 776 777 0
E 778 779 0
E 779 780 0
E 781 782 0
E 783 784 0
E 784 785 0
E 785 786 0
E 785 483 1
E 785 483 1
E 785 483 1
E 785 491 1
E 785 774 1
E 785 774 1
E 785 774 1
E 785 783 1
E 785 787 1
E 785 787 1
E 785 490 1
E 785 490 1
E 785 490 1
E 785 788 1
E 785 788 1
E 785 789 1
E 785 789 1
E 785 790 1
E 785 790 1
E 785 791 1
E 785 791 1
E 785 792 1
E 785 793 1
E 785 793 1
E 785 794 1
E 785 794 1
E 785 794 1
E 795 796 0
E 795 54 1
E 795 54 1
E 521 797 0
E 797 798 0
E 798 799 0
E 504 800 0
E 801 802 0
E 803 804 0
E 804 805 0
E 805 806 0
E 806 807 0
E 807 808 0
E 808 809 0
E 809 810 0
E 810 811 0
E 811 812 0
E 811 129 1
E 813 814 0
E 815 816 0
E 816 817 0
E 817 818 0
E 818 819 0
E 819 820 0
E 820 821 0
E 821 822 0
E 822 823 0
E 823 824 0
E 823 48 1
E 823 498 1
E 823 498 1
E 823 498 1
E 823 498 1
E 823 728 1
E 823 783 1
E 823 783 1
E 823 815 1
E 823 825 1
E 823 163 1
E 823 826 1
E 823 827 1
E 823 828 1
E 823 828 1
E 823 762 1
E 823 829 1
E 823 829 1
E 823 829 1
E 823 829 1
E 823 829 1
E 823 829 1
E 823 830 1
E 823 831 1
E 823 831 1
E 823 832 1
E 823 833 1
E 823 833 1
E 823 834 1
E 823 835 1
E 823 836 1
E 823 836 1
E 823 836 1
E 823 836 1
E 823 836 1
E 823 836 1
E 823 836 1
E 837 838 0
E 838 839 0
E 839 840 0
E 840 841 0
E 841 842 0
E 843 844 0
E 844 845 0
E 845 846 0
E 846 847 0
E 848 849 0
E 849 850 0
E 850 851 0
E 850 852 1
E 853 854 0
E 854 855 0
E 856 857 0
E 857 858 0
E 858 859 0
E 859 860 0
E 860 861 0
E 861 862 0
E 863 864 0
E 864 865 0
E 865 866 0
E 866 867 0
E 868 869 0
E 869 870 0
E 870 871 0
E 871 872 0
E 873 874 0
E 875 876 0
E 876 877 0
E 877 878 0
E 878 879 0
E 879 880 0
E 880 881 0
E 881 882 0
E 874 883 0
E 883 884 0
E 884 885 0
E 885 886 0
E 886 887 0
E 887 888 0
E 888 889 0
E 889 875 0
E 890 891 0
E 891 892 0
E 893 894 0
E 894 895 0
E 896 897 0
E 898 899 0
E 489 900 0
E 900 901 0
E 852 902 0
E 902 903 0
E 903 904 0
E 904 905 0
E 905 906 0
E 907 908 0
E 908 909 0
E 909 910 0
E 910 911 0
E 911 912 0
E 912 913 0
E 52 914 0
E 787 915 0
E 915 916 0
E 917 918 0
E 918 919 0
E 920 921 0
E 922 923 0
E 923 924 0
E 6 925 0
E 925 926 0
E 925 8 1
E 925 8 1
E 925 927 1
E 925 393 1
E 925 757 1
E 925 22 1
E 928 929 0
E 929 930 0
E 930 931 0
E 932 933 0
E 7 934 0
E 935 936 0
E 936 937 0
E 937 938 0
E 937 122 1
E 934 939 0
E 939 940 0
E 940 941 0
E 941 942 0
E 942 943 0
E 943 944 0
E 944 945 0
E 945 935 0
E 946 947 0
E 947 948 0
E 948 949 0
E 949 950 0
E 950 951 0
E 951 952 0
E 951 953 1
E 951 954 1
E 951 955 1
E 951 956 1
E 754 957 0
E 958 959 0
E 959 960 0
E 960 961 0
E 961 962 0
E 962 963 0
E 963 964 0
E 964 965 0
E 965 966 0
E 966 967 0
E 966 953 1
E 966 953 1
E 968 969 0
E 969 970 0
E 8 971 0
E 972 973 0
E 973 974 0
E 974 975 0
E 975 976 0
E 976 977 0
E 977 978 0
E 978 979 0
E 979 980 0
E 980 981 0
E 981 982 0
E 971 983 0
E 982 984 0
E 984 985 0
E 985 986 0
E 985 82 1
E 985 82 1
E 985 251 1
E 985 312 1
E 985 312 1
E 985 312 1
E 985 312 1
E 985 4 1
E 985 361 1
E 985 122 1
E 985 122 1
E 985 122 1
E 985 748 1
E 985 803 1
E 985 803 1
E 985 803 1
E 985 848 1
E 985 848 1
E 985 848 1
E 985 852 1
E 985 852 1
E 985 852 1
E 985 852 1
E 985 920 1
E 985 7 1
E 985 7 1
E 985 7 1
E 985 7 1
E 985 7 1
E 985 987 1
E 985 987 1
E 985 988 1
E 985 988 1
E 985 10 1
E 985 10 1
E 985 327 1
E 985 327 1
E 985 327 1
E 985 327 1
E 985 12 1
E 985 129 1
E 985 129 1
E 985 129 1
E 985 129 1
E 985 129 1
E 985 989 1
E 985 989 1
E 985 989 1
E 985 989 1
E 985 989 1
E 985 989 1
E 985 989 1
E 985 328 1
E 985 328 1
E 985 990 1
E 985 991 1
E 985 992 1
E 985 993 1
E 985 993 1
E 985 993 1
E 985 993 1
E 985 993 1
E 985 993 1
E 985 993 1
E 983 994 0
E 994 995 0
E 995 996 0
E 996 997 0
E 997 998 0
E 998 999 0
E 999 972 0
E 1000 1001 0
E 1002 1003 0
E 1003 1004 0
E 1004 1005 0
E 1005 1006 0
E 1007 1008 0
E 1008 1009 0
E 9 1010 0
E 1011 1012 0
E 1012 1013 0
E 1012 122 1
E 1012 122 1
E 1012 122 1
E 1012 122 1
E 1012 122 1
E 1012 122 1
E 1012 122 1
E 1010 1014 0
E 1014 1015 0
E 1015 1016 0
E 1016 1017 0
E 1017 1018 0
E 1018 1019 0
E 1019 1020 0
E 1020 1011 0
E 1021 1022 0
E 1023 1024 0
E 1024 1025 0
E 1024 363 1
E 1024 363 1
E 1024 363 1
E 1024 363 1
E 1024 363 1
E 1024 363 1
E 1024 363 1
E 1022 1026 0
E 1026 1027 0
E 1027 1028 0
E 1028 1029 0
E 1029 1030 0
E 1030 1031 0
E 1031 1032 0
E 1032 1023 0
E 825 1033 0
E 825 1034 1
E 825 397 1
E 825 54 1
E 825 54 1
E 825 54 1
E 825 54 1
E 987 1035 0
E 1035 1036 0
E 1035 71 1
E 1035 1021 1
E 1035 312 1
E 1035 748 1
E 1035 801 1
E 1035 803 1
E 1035 8 1
E 1035 8 1
E 1035 8 1
E 1035 1037 1
E 1035 12 1
E 1035 12 1
E 1035 129 1
E 1035 13 1
E 1035 1038 1
E 1035 1039 1
E 1035 18 1
E 1035 1040 1
E 1035 1041 1
E 1035 1042 1
E 1035 1043 1
E 1035 1044 1
E 1035 21 1
E 1035 22 1
E 988 1045 0
E 1045 1046 0
E 1045 312 1
E 1045 122 1
E 1045 1047 1
E 1045 330 1
E 1045 330 1
E 363 1048 0
E 1049 1050 0
E 1050 1051 0
E 1051 1052 0
E 1051 122 1
E 1051 1053 1
E 1051 953 1
E 1051 1054 1
E 1048 1055 0
E 1055 1056 0
E 1056 1057 0
E 1057 1058 0
E 1058 1059 0
E 1059 1060 0
E 1060 1061 0
E 1061 1049 0
E 389 1062 0
E 389 386 1
E 389 122 1
E 389 5 1
E 389 837 1
E 389 9 1
E 389 1063 1
E 389 1064 1
E 389 1065 1
E 389 1066 1
E 389 1067 1
E 389 1068 1
E 389 1069 1
E 389 1070 1
E 389 1071 1
E 389 232 1
E 389 1072 1
E 389 391 1
E 389 1073 1
E 389 1074 1
E 389 1075 1
E 389 1076 1
E 389 1077 1
E 389 1077 1
E 1063 1078 0
E 1063 122 1
E 1063 122 1
E 1063 122 1
E 1063 122 1
E 1063 129 1
E 1063 1076 1
E 1063 307 1
E 1079 1080 0
E 1080 1081 0
E 1082 1083 0
E 1083 1084 0
E 1084 1085 0
E 1085 1086 0
E 1086 1087 0
E 1087 1088 0
E 1089 1090 0
E 1090 1091 0
E 1091 1092 0
E 1092 1093 0
E 1093 1094 0
E 1094 1095 0
E 594 1096 0
E 1097 1098 0
E 1098 1099 0
E 1099 1100 0
E 1100 1101 0
E 1101 1102 0
E 1102 1103 0
E 10 1104 0
E 1104 1105 0
E 1105 1106 0
E 1106 1107 0
E 1107 1108 0
E 1108 1109 0
E 1109 1110 0
E 1110 1111 0
E 1111 1112 0
E 1111 2 1
E 1111 4 1
E 1111 122 1
E 1111 7 1
E 1111 8 1
E 1111 8 1
E 1111 8 1
E 1111 9 1
E 1111 14 1
E 1111 1113 1
E 1111 1113 1
E 1111 1113 1
E 1111 1114 1
E 1111 1114 1
E 1111 1114 1
E 1111 1071 1
E 1111 232 1
E 1111 1115 1
E 1111 17 1
E 1111 1116 1
E 1111 1117 1
E 1111 1117 1
E 1111 1117 1
E 1111 1118 1
E 1111 307 1
E 1111 307 1
E 1111 1119 1
E 1111 1119 1
E 1037 1120 0
E 1037 12 1
E 927 1121 0
E 1053 1122 0
E 1122 1123 0
E 1122 122 1
E 1122 122 1
E 1122 122 1
E 1122 122 1
E 490 1124 0
E 1125 1126 0
E 1124 1127 0
E 1127 1128 0
E 1128 1129 0
E 1129 1130 0
E 1130 1131 0
E 1131 1132 0
E 1132 1133 0
E 1133 1125 0
E 612 1134 0
E 1135 1136 0
E 613 1137 0
E 1138 1139 0
E 1140 1141 0
E 671 1142 0
E 1143 1144 0
E 1144 1145 0
E 1145 1146 0
E 1146 1147 0
E 1047 1148 0
E 364 1149 0
E 1149 1150 0
E 1150 1151 0
E 1151 1152 0
E 1152 1153 0
E 1154 1155 0
E 327 1156 0
E 1156 1157 0
E 1157 1158 0
E 1158 1159 0
E 1159 1160 0
E 1160 1161 0
E 1161 1162 0
E 1162 1163 0
E 1162 312 1
E 1162 122 1
E 1162 329 1
E 1162 330 1
E 614 1164 0
E 1064 1165 0
E 1165 1166 0
E 1166 1167 0
E 1167 1168 0
E 1168 1169 0
E 1169 1170 0
E 1170 1171 0
E 1171 1172 0
E 615 1173 0
E 672 1174 0
E 616 1175 0
E 617 1176 0
E 1177 1178 0
E 1178 1179 0
E 1179 1180 0
E 1180 1181 0
E 1181 1182 0
E 1182 1183 0
E 1184 1185 0
E 1185 1186 0
E 1186 1187 0
E 1187 1188 0
E 1188 1189 0
E 1189 1190 0
E 1191 1192 0
E 1192 1193 0
E 1193 1194 0
E 1194 1195 0
E 1195 1196 0
E 1196 1197 0
E 1198 1199 0
E 1199 1200 0
E 1200 1201 0
E 1201 1202 0
E 1202 1203 0
E 1203 1204 0
E 1205 1206 0
E 1206 1207 0
E 1207 1208 0
E 1208 1209 0
E 1209 1210 0
E 1210 1211 0
E 1212 1213 0
E 1213 1214 0
E 1214 1215 0
E 1215 1216 0
E 1216 1217 0
E 1217 1218 0
E 1219 1220 0
E 1220 1221 0
E 1221 1222 0
E 1222 1223 0
E 1223 1224 0
E 1224 1225 0
E 1226 1227 0
E 1227 1228 0
E 1228 1229 0
E 1229 1230 0
E 1230 1231 0
E 1231 1232 0
E 1233 1234 0
E 1234 1235 0
E 1235 1236 0
E 1236 1237 0
E 1237 1238 0
E 1238 1239 0
E 1240 1241 0
E 1241 1242 0
E 1242 1243 0
E 1243 1244 0
E 1244 1245 0
E 1245 1246 0
E 1247 1248 0
E 1248 1249 0
E 1249 1250 0
E 1250 1251 0
E 1251 1252 0
E 1252 1253 0
E 1254 1255 0
E 1255 1256 0
E 1256 1257 0
E 1257 1258 0
E 1258 1259 0
E 1259 1260 0
E 1261 1262 0
E 1262 1263 0
E 1263 1264 0
E 1264 1265 0
E 1265 1266 0
E 1266 1267 0
E 1268 1269 0
E 1269 1270 0
E 1270 1271 0
E 1271 1272 0
E 1272 1273 0
E 1273 1274 0
E 1275 1276 0
E 1276 1277 0
E 1277 1278 0
E 1278 1279 0
E 1279 1280 0
E 1280 1281 0
E 1282 1283 0
E 1283 1284 0
E 1284 1285 0
E 1285 1286 0
E 1286 1287 0
E 1287 1288 0
E 1289 1290 0
E 1290 1291 0
E 1291 1292 0
E 1292 1293 0
E 1293 1294 0
E 1294 1295 0
E 1296 1297 0
E 1297 1298 0
E 1298 1299 0
E 1299 1300 0
E 1300 1301 0
E 1301 1302 0
E 1303 1304 0
E 1304 1305 0
E 1305 1306 0
E 1306 1307 0
E 1307 1308 0
E 1308 1309 0
E 618 1310 0
E 1311 1312 0
E 1312 1313 0
E 1313 1314 0
E 1314 1315 0
E 1315 1316 0
E 1315 679 1
E 1315 1317 1
E 1315 1317 1
E 1315 1317 1
E 1315 15 1
E 1315 1318 1
E 1315 1318 1
E 1315 1318 1
E 1315 1318 1
E 1315 1319 1
E 1315 1319 1
E 1315 1319 1
E 1315 1320 1
E 1315 1321 1
E 1315 175 1
E 1315 175 1
E 12 1322 0
E 1322 1323 0
E 1323 1324 0
E 1324 1325 0
E 1325 1326 0
E 1327 1328 0
E 1329 1330 0
E 1331 1332 0
E 1332 1333 0
E 1317 1334 0
E 1334 1335 0
E 1335 1336 0
E 1336 1337 0
E 1337 1338 0
E 1337 1311 1
E 1337 1311 1
E 1337 1311 1
E 1337 1317 1
E 1337 1317 1
E 1337 1339 1
E 1337 1339 1
E 1337 1340 1
E 1337 1341 1
E 1337 1342 1
E 1337 1321 1
E 522 1343 0
E 1343 1344 0
E 1344 1345 0
E 1345 1346 0
E 1346 1347 0
E 1348 1349 0
E 1349 1350 0
E 1350 1351 0
E 1352 1353 0
E 1353 1354 0
E 1354 1355 0
E 523 1356 0
E 1356 1357 0
E 129 1358 0
E 1359 1360 0
E 1360 1361 0
E 1361 1362 0
E 1362 1363 0
E 1363 1364 0
E 1364 1365 0
E 1365 1366 0
E 1366 1367 0
E 1367 1368 0
E 1368 1369 0
E 1358 1370 0
E 1369 1371 0
E 1371 1372 0
E 1371 114 1
E 1371 125 1
E 1371 125 1
E 1371 312 1
E 1371 312 1
E 1371 312 1
E 1371 312 1
E 1371 312 1
E 1371 312 1
E 1371 312 1
E 1372 1373 0
E 1370 1374 0
E 1374 1375 0
E 1375 1376 0
E 1376 1377 0
E 1377 1378 0
E 1378 1379 0
E 1379 1359 0
E 229 1380 0
E 1381 1382 0
E 1382 1383 0
E 524 1384 0
E 1384 1385 0
E 1385 1386 0
E 1387 1388 0
E 1387 503 1
E 1387 1389 1
E 1390 1391 0
E 1391 1392 0
E 1392 1393 0
E 1394 1395 0
E 1395 1396 0
E 1396 1397 0
E 1396 954 1
E 1396 954 1
E 989 1398 0
E 1398 1399 0
E 1399 1400 0
E 1400 1401 0
E 1401 1402 0
E 1402 1403 0
E 1403 1404 0
E 1403 312 1
E 1403 312 1
E 1403 312 1
E 1403 312 1
E 1403 873 1
E 1403 873 1
E 1403 873 1
E 1403 873 1
E 1403 873 1
E 1403 873 1
E 1403 8 1
E 1403 8 1
E 1403 8 1
E 1403 8 1
E 1403 8 1
E 1403 8 1
E 1403 8 1
E 1405 1406 0
E 1407 1408 0
E 1408 1409 0
E 1410 1411 0
E 1412 1413 0
E 1413 1414 0
E 1414 1415 0
E 1415 1416 0
E 1416 1417 0
E 163 1418 0
E 1418 1419 0
E 1419 1420 0
E 1420 1421 0
E 1421 1422 0
E 1421 25 1
E 1421 25 1
E 1421 25 1
E 1421 25 1
E 1421 30 1
E 1421 39 1
E 1421 39 1
E 1421 39 1
E 1421 39 1
E 1421 39 1
E 1421 39 1
E 1421 61 1
E 1421 61 1
E 1421 61 1
E 1421 121 1
E 1421 121 1
E 1421 75 1
E 1421 75 1
E 1421 75 1
E 1421 75 1
E 1421 137 1
E 1421 137 1
E 1421 137 1
E 1421 137 1
E 1421 146 1
E 1421 146 1
E 1421 146 1
E 1421 146 1
E 1421 154 1
E 1421 154 1
E 1421 154 1
E 1421 154 1
E 1421 176 1
E 1421 176 1
E 1421 176 1
E 1421 176 1
E 1421 181 1
E 1421 181 1
E 1421 181 1
E 1421 181 1
E 1421 187 1
E 1421 187 1
E 1421 187 1
E 1421 187 1
E 1421 198 1
E 1421 198 1
E 1421 198 1
E 1421 198 1
E 1421 204 1
E 1421 204 1
E 1421 204 1
E 1421 204 1
E 1421 209 1
E 1421 209 1
E 1421 209 1
E 1421 209 1
E 1421 214 1
E 1421 214 1
E 1421 214 1
E 1421 214 1
E 1421 219 1
E 1421 219 1
E 1421 219 1
E 1421 219 1
E 1421 246 1
E 1421 246 1
E 1421 246 1
E 1421 246 1
E 1421 228 1
E 1421 228 1
E 1421 228 1
E 1421 253 1
E 1421 253 1
E 1421 253 1
E 1421 253 1
E 1421 259 1
E 1421 259 1
E 1421 259 1
E 1421 259 1
E 1421 265 1
E 1421 265 1
E 1421 265 1
E 1421 265 1
E 1421 270 1
E 1421 270 1
E 1421 270 1
E 1421 270 1
E 1421 279 1
E 1421 279 1
E 1421 279 1
E 1421 279 1
E 1421 286 1
E 1421 286 1
E 1421 286 1
E 1421 286 1
E 1421 291 1
E 1421 291 1
E 1421 291 1
E 1421 291 1
E 1421 354 1
E 1421 354 1
E 1421 354 1
E 1421 354 1
E 1421 354 1
E 1421 354 1
E 1421 365 1
E 1421 365 1
E 1421 365 1
E 1421 365 1
E 1421 479 1
E 1421 483 1
E 1421 496 1
E 1421 569 1
E 1421 571 1
E 1421 573 1
E 1421 573 1
E 1421 573 1
E 1421 573 1
E 1421 584 1
E 1421 586 1
E 1421 589 1
E 1421 591 1
E 1421 595 1
E 1421 599 1
E 1421 601 1
E 1421 603 1
E 1421 605 1
E 1421 635 1
E 1421 637 1
E 1421 639 1
E 1421 641 1
E 1421 606 1
E 1421 647 1
E 1421 649 1
E 1421 651 1
E 1421 607 1
E 1421 379 1
E 1421 608 1
E 1421 660 1
E 1421 662 1
E 1421 664 1
E 1421 666 1
E 1421 668 1
E 1421 610 1
E 1421 679 1
E 1421 682 1
E 1421 684 1
E 1421 686 1
E 1421 686 1
E 1421 686 1
E 1421 691 1
E 1421 691 1
E 1421 691 1
E 1421 691 1
E 1421 691 1
E 1421 691 1
E 1421 707 1
E 1421 707 1
E 1421 707 1
E 1421 733 1
E 1421 733 1
E 1421 733 1
E 1421 733 1
E 1421 733 1
E 1421 733 1
E 1421 743 1
E 1421 743 1
E 1421 743 1
E 1421 743 1
E 1421 758 1
E 1421 758 1
E 1421 758 1
E 1421 769 1
E 1421 769 1
E 1421 769 1
E 1421 769 1
E 1421 843 1
E 1421 843 1
E 1421 843 1
E 1421 843 1
E 1421 856 1
E 1421 856 1
E 1421 856 1
E 1421 856 1
E 1421 856 1
E 1421 856 1
E 1421 863 1
E 1421 863 1
E 1421 863 1
E 1421 863 1
E 1421 868 1
E 1421 868 1
E 1421 868 1
E 1421 868 1
E 1421 878 1
E 1421 878 1
E 1421 878 1
E 1421 878 1
E 1421 907 1
E 1421 907 1
E 1421 907 1
E 1421 907 1
E 1421 907 1
E 1421 907 1
E 1421 928 1
E 1421 928 1
E 1421 928 1
E 1421 1003 1
E 1421 1003 1
E 1421 1003 1
E 1421 1082 1
E 1421 1082 1
E 1421 1082 1
E 1421 1082 1
E 1421 1082 1
E 1421 1082 1
E 1421 1089 1
E 1421 1089 1
E 1421 1089 1
E 1421 1089 1
E 1421 1089 1
E 1421 1089 1
E 1421 1097 1
E 1421 1097 1
E 1421 1097 1
E 1421 1097 1
E 1421 1097 1
E 1421 1097 1
E 1421 1143 1
E 1421 1143 1
E 1421 1143 1
E 1421 1143 1
E 1421 1177 1
E 1421 1177 1
E 1421 1177 1
E 1421 1177 1
E 1421 1177 1
E 1421 1177 1
E 1421 1184 1
E 1421 1184 1
E 1421 1184 1
E 1421 1184 1
E 1421 1184 1
E 1421 1184 1
E 1421 1191 1
E 1421 1191 1
E 1421 1191 1
E 1421 1191 1
E 1421 1191 1
E 1421 1191 1
E 1421 1198 1
E 1421 1198 1
E 1421 1198 1
E 1421 1198 1
E 1421 1198 1
E 1421 1198 1
E 1421 1205 1
E 1421 1205 1
E 1421 1205 1
E 1421 1205 1
E 1421 1205 1
E 1421 1205 1
E 1421 1212 1
E 1421 1212 1
E 1421 1212 1
E 1421 1212 1
E 1421 1212 1
E 1421 1212 1
E 1421 1219 1
E 1421 1219 1
E 1421 1219 1
E 1421 1219 1
E 1421 1219 1
E 1421 1219 1
E 1421 1226 1
E 1421 1226 1
E 1421 1226 1
E 1421 1226 1
E 1421 1226 1
E 1421 1226 1
E 1421 1233 1
E 1421 1233 1
E 1421 1233 1
E 1421 1233 1
E 1421 1233 1
E 1421 1233 1
E 1421 1240 1
E 1421 1240 1
E 1421 1240 1
E 1421 1240 1
E 1421 1240 1
E 1421 1240 1
E 1421 1247 1
E 1421 1247 1
E 1421 1247 1
E 1421 1247 1
E 1421 1247 1
E 1421 1247 1
E 1421 1254 1
E 1421 1254 1
E 1421 1254 1
E 1421 1254 1
E 1421 1254 1
E 1421 1254 1
E 1421 1261 1
E 1421 1261 1
E 1421 1261 1
E 1421 1261 1
E 1421 1261 1
E 1421 1261 1
E 1421 1268 1
E 1421 1268 1
E 1421 1268 1
E 1421 1268 1
E 1421 1268 1
E 1421 1268 1
E 1421 1275 1
E 1421 1275 1
E 1421 1275 1
E 1421 1275 1
E 1421 1275 1
E 1421 1275 1
E 1421 1282 1
E 1421 1282 1
E 1421 1282 1
E 1421 1282 1
E 1421 1282 1
E 1421 1282 1
E 1421 1289 1
E 1421 1289 1
E 1421 1289 1
E 1421 1289 1
E 1421 1289 1
E 1421 1289 1
E 1421 1296 1
E 1421 1296 1
E 1421 1296 1
E 1421 1296 1
E 1421 1296 1
E 1421 1296 1
E 1421 1303 1
E 1421 1303 1
E 1421 1303 1
E 1421 1303 1
E 1421 1303 1
E 1421 1303 1
E 1421 522 1
E 1421 522 1
E 1421 522 1
E 1421 1348 1
E 1421 1348 1
E 1421 1348 1
E 1421 1352 1
E 1421 1352 1
E 1421 1352 1
E 1421 1390 1
E 1421 1390 1
E 1421 1390 1
E 1421 1412 1
E 1421 1412 1
E 1421 1412 1
E 1421 1423 1
E 1421 1423 1
E 1421 1423 1
E 1421 1423 1
E 1421 1423 1
E 1421 1423 1
E 1421 1423 1
E 1423 1424 0
E 1424 1425 0
E 1425 1426 0
E 1426 1427 0
E 1427 1428 0
E 1428 1429 0
E 1429 1430 0
E 1431 1432 0
E 1432 1433 0
E 1434 1435 0
E 1436 1437 0
E 1436 1007 1
E 1436 1007 1
E 1436 1138 1
E 1436 1331 1
E 1438 1439 0
E 328 1440 0
E 1441 1442 0
E 1442 1443 0
E 1443 1444 0
E 1443 122 1
E 1443 1445 1
E 1443 1446 1
E 1440 1447 0
E 1447 1448 0
E 1448 1449 0
E 1449 1450 0
E 1450 1451 0
E 1451 1452 0
E 1452 1453 0
E 1453 1441 0
E 13 1454 0
E 1454 1455 0
E 1455 1456 0
E 1457 1458 0
E 1459 1460 0
E 732 1461 0
E 826 1462 0
E 1463 1464 0
E 827 1465 0
E 1465 1466 0
E 1466 1467 0
E 1468 1469 0
E 1469 1470 0
E 619 1471 0
E 828 1472 0
E 1472 1473 0
E 1474 1475 0
E 990 1476 0
E 990 65 1
E 990 65 1
E 990 65 1
E 990 114 1
E 990 114 1
E 990 82 1
E 990 82 1
E 990 82 1
E 990 82 1
E 990 82 1
E 788 1477 0
E 1477 1478 0
E 1479 1480 0
E 1481 1482 0
E 1482 1483 0
E 991 1484 0
E 1485 1486 0
E 1486 1487 0
E 1487 1488 0
E 1488 1489 0
E 1490 1491 0
E 390 1492 0
E 1492 1493 0
E 1492 122 1
E 1492 122 1
E 1492 122 1
E 1492 122 1
E 1492 122 1
E 1492 122 1
E 1492 393 1
E 1389 1494 0
E 1494 1495 0
E 1495 1496 0
E 14 1497 0
E 1497 1498 0
E 1498 1499 0
E 1499 1500 0
E 1500 1501 0
E 1501 1502 0
E 1503 1504 0
E 1505 1506 0
E 1507 1508 0
E 1508 1509 0
E 1510 1511 0
E 1512 1513 0
E 1513 1514 0
E 1513 1515 1
E 1513 1515 1
E 1513 1515 1
E 1516 1517 0
E 1518 1519 0
E 1519 1520 0
E 1521 1522 0
E 1523 1524 0
E 1524 1525 0
E 1526 1527 0
E 1527 1528 0
E 1528 1529 0
E 1529 1530 0
E 1530 1531 0
E 1530 837 1
E 1530 837 1
E 1530 1064 1
E 1530 1064 1
E 1530 1431 1
E 1530 1431 1
E 1530 1526 1
E 1530 1532 1
E 1530 1532 1
E 1530 1532 1
E 1530 1533 1
E 1530 1534 1
E 1530 1534 1
E 1530 1534 1
E 1530 1535 1
E 1530 1535 1
E 1530 1535 1
E 1530 1536 1
E 1530 1536 1
E 1530 1536 1
E 1530 1537 1
E 1530 1537 1
E 1530 1538 1
E 1530 1538 1
E 1530 1538 1
E 1530 1539 1
E 1530 1539 1
E 1530 1539 1
E 1530 1540 1
E 1530 1540 1
E 1530 1541 1
E 1530 1541 1
E 1530 1542 1
E 1530 1542 1
E 1530 1542 1
E 1530 1543 1
E 1530 1515 1
E 1530 1544 1
E 1530 1544 1
E 1530 1545 1
E 1530 1545 1
E 1530 1545 1
E 1530 1076 1
E 1530 1076 1
E 1530 307 1
E 1530 307 1
E 1532 1546 0
E 1546 1547 0
E 1547 1548 0
E 1548 1549 0
E 1549 1550 0
E 1550 1551 0
E 1551 1552 0
E 1533 1553 0
E 1553 1554 0
E 1554 1555 0
E 1555 1556 0
E 1556 1557 0
E 1534 1558 0
E 1558 1559 0
E 1559 1560 0
E 1560 1561 0
E 1561 1562 0
E 1562 1563 0
E 1563 1564 0
E 1563 59 1
E 1563 69 1
E 1563 578 1
E 1563 837 1
E 1563 896 1
E 1563 898 1
E 1563 1053 1
E 1563 1135 1
E 1563 1410 1
E 1563 1481 1
E 1563 1512 1
E 1563 1518 1
E 1563 1526 1
E 1563 1526 1
E 1563 1526 1
E 1563 1532 1
E 1563 1532 1
E 1563 1532 1
E 1563 1533 1
E 1563 1533 1
E 1563 1533 1
E 1563 1534 1
E 1563 1534 1
E 1563 1534 1
E 1563 1535 1
E 1563 1535 1
E 1563 1535 1
E 1563 1536 1
E 1563 1536 1
E 1563 1536 1
E 1563 1538 1
E 1563 1538 1
E 1563 1538 1
E 1563 1539 1
E 1563 1539 1
E 1563 1539 1
E 1563 1565 1
E 1563 1542 1
E 1563 1542 1
E 1563 1542 1
E 1563 1543 1
E 1563 1543 1
E 1563 1543 1
E 1563 1566 1
E 1563 1515 1
E 1563 1515 1
E 1563 1567 1
E 1563 1568 1
E 1563 1569 1
E 1563 1570 1
E 1563 1571 1
E 1563 1572 1
E 1563 1573 1
E 1563 1574 1
E 1563 1575 1
E 1563 1545 1
E 1563 1545 1
E 1563 1545 1
E 1563 1576 1
E 1535 1577 0
E 1577 1578 0
E 1578 1579 0
E 1579 1580 0
E 1580 1581 0
E 1581 1582 0
E 1582 1583 0
E 1584 1585 0
E 1585 1586 0
E 1586 1587 0
E 1587 1588 0
E 1589 1590 0
E 1590 1591 0
E 1591 1592 0
E 1592 1593 0
E 1592 1076 1
E 1592 1076 1
E 1592 307 1
E 1592 307 1
E 1592 307 1
E 1594 1595 0
E 1065 1596 0
E 1065 1515 1
E 1065 1515 1
E 1065 1515 1
E 1536 1597 0
E 1597 1598 0
E 1598 1599 0
E 1599 1600 0
E 1600 1601 0
E 1601 1602 0
E 1602 1603 0
E 1113 1604 0
E 1604 1605 0
E 1605 1606 0
E 1537 1607 0
E 1607 1608 0
E 1607 1515 1
E 1607 1515 1
E 1538 1609 0
E 1609 1610 0
E 1610 1611 0
E 1611 1612 0
E 1612 1613 0
E 1613 1614 0
E 1614 1615 0
E 1616 1617 0
E 1618 1619 0
E 1619 1620 0
E 1620 1621 0
E 1621 1622 0
E 1622 1623 0
E 1624 1625 0
E 1539 1626 0
E 1626 1627 0
E 1627 1628 0
E 1628 1629 0
E 1629 1630 0
E 1630 1631 0
E 1631 1632 0
E 1565 1633 0
E 1633 1634 0
E 1635 1636 0
E 1635 122 1
E 1635 837 1
E 1635 9 1
E 1635 10 1
E 1635 1064 1
E 1635 1584 1
E 1635 1584 1
E 1635 1584 1
E 1635 1589 1
E 1635 1589 1
E 1635 1589 1
E 1635 1618 1
E 1635 1618 1
E 1635 1618 1
E 1635 1637 1
E 1635 1638 1
E 1635 1638 1
E 1635 1638 1
E 1635 1541 1
E 1635 1639 1
E 1635 1639 1
E 1635 1639 1
E 1635 1071 1
E 1635 1640 1
E 1635 1076 1
E 1635 307 1
E 1635 307 1
E 1635 1077 1
E 1635 1641 1
E 1635 1641 1
E 1635 1641 1
E 1635 1642 1
E 1635 1642 1
E 1635 1642 1
E 1643 1644 0
E 1645 1646 0
E 1637 1647 0
E 992 1648 0
E 993 1649 0
E 1649 1650 0
E 1650 1651 0
E 1651 1652 0
E 1652 1653 0
E 1653 1654 0
E 1654 1655 0
E 1654 82 1
E 1654 82 1
E 1654 82 1
E 1654 1021 1
E 1654 312 1
E 1540 1656 0
E 1656 1657 0
E 505 1658 0
E 1658 1659 0
E 1659 1660 0
E 1660 1661 0
E 1661 1662 0
E 1662 1663 0
E 1663 1664 0
E 1664 1665 0
E 1665 1666 0
E 11 1667 0
E 11 71 1
E 11 71 1
E 11 114 1
E 11 114 1
E 11 130 1
E 11 296 1
E 11 1021 1
E 11 1021 1
E 11 1021 1
E 11 1021 1
E 11 1021 1
E 11 1021 1
E 11 1021 1
E 1668 1669 0
E 1670 1671 0
E 1038 1672 0
E 1673 1674 0
E 525 1675 0
E 1675 1676 0
E 1677 1678 0
E 526 1679 0
E 1679 1680 0
E 1681 1682 0
E 527 1683 0
E 1683 1684 0
E 528 1685 0
E 1685 1686 0
E 1686 1687 0
E 1687 1688 0
E 1689 1690 0
E 529 1691 0
E 1691 1692 0
E 530 1693 0
E 1693 1694 0
E 762 1695 0
E 1695 1696 0
E 1696 1697 0
E 531 1698 0
E 1698 1699 0
E 1700 1701 0
E 1701 1702 0
E 1701 1703 1
E 532 1704 0
E 1704 1705 0
E 1706 1707 0
E 533 1708 0
E 1708 1709 0
E 829 1710 0
E 1710 1711 0
E 1711 1712 0
E 1712 1713 0
E 1713 1714 0
E 1714 1715 0
E 1714 48 1
E 1714 815 1
E 1714 815 1
E 1714 815 1
E 1714 815 1
E 1714 815 1
E 1714 815 1
E 1714 1716 1
E 1714 1717 1
E 1714 54 1
E 1714 54 1
E 1714 54 1
E 1714 54 1
E 1714 54 1
E 1714 54 1
E 534 1718 0
E 1718 1719 0
E 1034 1720 0
E 830 1721 0
E 1722 1723 0
E 1724 1725 0
E 831 1726 0
E 1726 1727 0
E 1726 1700 1
E 1726 1700 1
E 1728 1339 0
E 1339 1729 0
E 1729 1730 0
E 1730 1731 0
E 1731 1732 0
E 1732 1733 0
E 755 1734 0
E 755 748 1
E 755 748 1
E 755 757 1
E 755 757 1
E 755 757 1
E 1066 1735 0
E 1736 1737 0
E 1738 1739 0
E 1739 1740 0
E 1740 1741 0
E 1741 1742 0
E 1638 1743 0
E 1743 1744 0
E 1744 1745 0
E 1745 1746 0
E 1541 1747 0
E 1747 1748 0
E 1748 1749 0
E 1749 1750 0
E 1749 740 1
E 1749 1434 1
E 1749 1438 1
E 1749 1479 1
E 1749 1481 1
E 1749 1507 1
E 1749 1510 1
E 1749 1512 1
E 1749 1516 1
E 1749 1518 1
E 1749 1521 1
E 1749 1523 1
E 1749 1526 1
E 1749 1532 1
E 1749 1533 1
E 1749 1534 1
E 1749 1535 1
E 1749 1584 1
E 1749 1589 1
E 1749 1536 1
E 1749 1538 1
E 1749 1616 1
E 1749 1618 1
E 1749 1624 1
E 1749 1539 1
E 1749 1565 1
E 1749 1635 1
E 1749 1643 1
E 1749 1638 1
E 1749 1639 1
E 1749 1751 1
E 1749 1752 1
E 1749 1542 1
E 1749 1543 1
E 1749 1753 1
E 1749 230 1
E 1749 1754 1
E 1749 1115 1
E 1749 1545 1
E 1749 1641 1
E 1749 1642 1
E 1639 1755 0
E 1755 1756 0
E 1756 1757 0
E 1757 1758 0
E 1759 1760 0
E 1761 1762 0
E 1763 1764 0
E 1114 1765 0
E 1765 1766 0
E 1766 1767 0
E 1767 1768 0
E 1768 1769 0
E 1769 1770 0
E 1770 1771 0
E 1770 10 1
E 1770 10 1
E 1770 328 1
E 1770 328 1
E 1770 328 1
E 1770 328 1
E 1770 328 1
E 1770 328 1
E 304 1772 0
E 305 1773 0
E 1773 1774 0
E 1773 307 1
E 1067 1775 0
E 1751 1776 0
E 1752 1777 0
E 1752 9 1
E 1752 1507 1
E 1752 1523 1
E 1752 953 1
E 1752 1754 1
E 1752 307 1
E 1542 1778 0
E 1778 1779 0
E 1779 1780 0
E 1780 1781 0
E 1781 1782 0
E 1782 1783 0
E 1783 1784 0
E 1543 1785 0
E 1785 1786 0
E 1786 1787 0
E 1787 1788 0
E 1788 1789 0
E 1753 1790 0
E 1791 1792 0
E 1792 1793 0
E 1792 1117 1
E 1068 1794 0
E 1069 1795 0
E 1796 1797 0
E 1070 1798 0
E 1070 363 1
E 1799 1800 0
E 1801 1802 0
E 230 1803 0
E 1803 1804 0
E 1803 2 1
E 1803 2 1
E 1803 2 1
E 1803 2 1
E 1803 2 1
E 1803 2 1
E 1803 299 1
E 1803 122 1
E 1803 122 1
E 1803 122 1
E 1803 122 1
E 1803 122 1
E 1803 122 1
E 1803 122 1
E 756 1805 0
E 1806 1807 0
E 1807 1808 0
E 953 1809 0
E 1810 1811 0
E 1811 1812 0
E 1812 1813 0
E 1813 1814 0
E 1814 1815 0
E 1815 1816 0
E 1816 1817 0
E 1817 1818 0
E 1817 344 1
E 1817 344 1
E 1817 344 1
E 1817 344 1
E 1817 481 1
E 1817 778 1
E 1817 778 1
E 1817 853 1
E 1817 946 1
E 1817 946 1
E 1817 958 1
E 1817 958 1
E 1817 958 1
E 1817 958 1
E 1817 958 1
E 1817 958 1
E 1817 958 1
E 1818 1819 0
E 1819 1820 0
E 1809 1821 0
E 1821 1822 0
E 1822 1823 0
E 1823 1824 0
E 1824 1825 0
E 1825 1826 0
E 1826 1827 0
E 1827 1810 0
E 15 1828 0
E 1828 1829 0
E 1829 1830 0
E 1830 1831 0
E 1831 1832 0
E 1832 1833 0
E 1833 1834 0
E 1834 1835 0
E 1835 1836 0
E 1835 580 1
E 1835 795 1
E 1835 813 1
E 1835 815 1
E 1835 932 1
E 1835 1311 1
E 1835 163 1
E 1835 827 1
E 1835 1490 1
E 1835 1818 1
E 1835 1818 1
E 1835 15 1
E 1835 15 1
E 1835 1837 1
E 1835 1837 1
E 1835 166 1
E 1835 1318 1
E 1835 1318 1
E 1835 1318 1
E 1835 1838 1
E 1835 1839 1
E 1835 1840 1
E 1835 1841 1
E 1835 54 1
E 1835 54 1
E 1835 54 1
E 1835 1842 1
E 1835 1842 1
E 1835 1842 1
E 1843 1844 0
E 1845 1846 0
E 1846 1847 0
E 1848 1849 0
E 1848 643 1
E 1848 890 1
E 1848 890 1
E 1848 893 1
E 1848 893 1
E 1848 917 1
E 1848 917 1
E 1848 968 1
E 1848 968 1
E 1848 1381 1
E 1848 1381 1
E 1848 1724 1
E 1848 1736 1
E 1848 1738 1
E 1848 1738 1
E 1848 953 1
E 1848 953 1
E 1848 953 1
E 1848 954 1
E 1848 1850 1
E 1848 1851 1
E 1848 1852 1
E 1848 1852 1
E 1848 1853 1
E 1848 1854 1
E 1848 1854 1
E 1848 1855 1
E 1848 1855 1
E 1848 1856 1
E 1848 1856 1
E 1848 1857 1
E 1848 1857 1
E 1848 1858 1
E 1848 1859 1
E 1848 1860 1
E 1848 1861 1
E 1848 1862 1
E 1848 1863 1
E 1848 1864 1
E 1848 1864 1
E 1848 1865 1
E 1866 1867 0
E 1868 1869 0
E 1869 1870 0
E 954 1871 0
E 1871 1872 0
E 1872 1873 0
E 1873 1874 0
E 1874 1875 0
E 1875 1876 0
E 1875 946 1
E 1875 946 1
E 1875 946 1
E 1875 946 1
E 1875 958 1
E 1875 958 1
E 1875 1394 1
E 1875 1394 1
E 1875 1394 1
E 1875 1722 1
E 1875 953 1
E 1875 953 1
E 1875 953 1
E 1875 953 1
E 1875 953 1
E 1875 1848 1
E 1875 955 1
E 1875 1877 1
E 1875 956 1
E 1878 1879 0
E 1879 1880 0
E 673 1881 0
E 1881 1882 0
E 1881 1866 1
E 1881 54 1
E 1883 1884 0
E 1885 1886 0
E 1837 1887 0
E 1887 1888 0
E 535 1889 0
E 1889 1890 0
E 1890 1891 0
E 1890 528 1
E 1890 1689 1
E 1890 1706 1
E 1890 1885 1
E 1890 536 1
E 1890 537 1
E 1890 542 1
E 1890 549 1
E 1890 1892 1
E 1890 1893 1
E 1890 552 1
E 1890 553 1
E 1890 559 1
E 1890 1894 1
E 1890 566 1
E 1895 1896 0
E 536 1897 0
E 1897 1898 0
E 1898 1899 0
E 1899 1900 0
E 537 1901 0
E 1901 1902 0
E 1902 1903 0
E 1903 1904 0
E 538 1905 0
E 1905 1906 0
E 832 1907 0
E 1850 1908 0
E 506 1909 0
E 833 1910 0
E 1910 1911 0
E 507 1912 0
E 539 1913 0
E 1913 1914 0
E 540 1915 0
E 1915 1916 0
E 1851 1917 0
E 541 1918 0
E 1918 1919 0
E 508 1920 0
E 834 1921 0
E 834 815 1
E 509 1922 0
E 1566 1923 0
E 542 1924 0
E 1924 1925 0
E 1925 1926 0
E 1852 1927 0
E 1927 1928 0
E 231 1929 0
E 543 1930 0
E 1930 1931 0
E 1930 519 1
E 1930 521 1
E 1930 522 1
E 1930 523 1
E 1930 524 1
E 1930 525 1
E 1930 526 1
E 1930 527 1
E 1930 528 1
E 1930 529 1
E 1930 530 1
E 1930 531 1
E 1930 532 1
E 1930 533 1
E 1930 534 1
E 1930 535 1
E 1930 536 1
E 1930 537 1
E 1930 538 1
E 1930 539 1
E 1930 540 1
E 1930 541 1
E 1930 542 1
E 1930 544 1
E 1930 545 1
E 1930 546 1
E 1930 547 1
E 1930 548 1
E 1930 549 1
E 1930 550 1
E 1930 551 1
E 1930 551 1
E 1930 551 1
E 1930 552 1
E 1930 553 1
E 1930 554 1
E 1930 555 1
E 1930 556 1
E 1930 557 1
E 1930 558 1
E 1930 559 1
E 1930 560 1
E 1930 561 1
E 1930 562 1
E 1930 563 1
E 1930 564 1
E 1930 565 1
E 1930 566 1
E 1930 567 1
E 1930 568 1
E 1853 544 0
E 544 1932 0
E 1932 1933 0
E 1934 1935 0
E 1935 1936 0
E 789 1937 0
E 1937 1938 0
E 545 1939 0
E 1939 1940 0
E 546 1941 0
E 1941 1942 0
E 547 1943 0
E 1943 1944 0
E 835 1945 0
E 835 505 1
E 835 505 1
E 836 1946 0
E 1946 1947 0
E 1947 1948 0
E 1948 1949 0
E 1949 1950 0
E 1950 1951 0
E 1951 1952 0
E 790 1953 0
E 1953 1954 0
E 1953 83 1
E 1953 1372 1
E 510 1955 0
E 1955 1956 0
E 1956 1957 0
E 164 1958 0
E 165 1959 0
E 1959 1960 0
E 1960 1961 0
E 1961 1962 0
E 1963 1964 0
E 1964 1965 0
E 1966 1967 0
E 1966 270 1
E 1966 1079 1
E 1966 1154 1
E 1966 1329 1
E 1966 1468 1
E 1966 1594 1
E 1966 1645 1
E 1966 1883 1
E 1966 1968 1
E 1966 1968 1
E 1966 1969 1
E 1966 1970 1
E 1966 1971 1
E 1966 54 1
E 1966 54 1
E 1966 54 1
E 1966 54 1
E 1966 54 1
E 1966 1972 1
E 1966 1972 1
E 1966 1973 1
E 1974 1975 0
E 955 1976 0
E 1976 1977 0
E 1977 1978 0
E 1979 1980 0
E 1877 1981 0
E 1981 1982 0
E 1982 1983 0
E 1984 1985 0
E 1986 1987 0
E 1988 1989 0
E 1989 1990 0
E 1990 1991 0
E 1992 1993 0
E 166 1994 0
E 1994 1995 0
E 1995 1996 0
E 1995 503 1
E 1995 521 1
E 1995 1407 1
E 1995 505 1
E 1995 1974 1
E 1995 1977 1
E 1995 1979 1
E 1995 1984 1
E 1995 1990 1
E 1995 1992 1
E 1995 1997 1
E 1340 1998 0
E 1340 1999 1
E 1341 2000 0
E 2000 2001 0
E 2001 2002 0
E 2002 2003 0
E 2002 2004 1
E 1854 2005 0
E 2005 2006 0
E 2007 2008 0
E 396 2009 0
E 167 2010 0
E 329 2011 0
E 2011 2012 0
E 2011 327 1
E 2011 330 1
E 2013 2014 0
E 2015 2016 0
E 2017 2018 0
E 298 2019 0
E 298 114 1
E 2020 2021 0
E 620 2022 0
E 621 2023 0
E 330 2024 0
E 2025 2026 0
E 2026 2027 0
E 2027 2028 0
E 2028 2029 0
E 2029 2030 0
E 2030 2031 0
E 2031 2032 0
E 2031 122 1
E 2031 803 1
E 2031 873 1
E 2031 363 1
E 2024 2033 0
E 2033 2034 0
E 2034 2035 0
E 2035 2036 0
E 2036 2037 0
E 2037 2038 0
E 2038 2039 0
E 2039 2025 0
E 2040 2041 0
E 2041 2042 0
E 2043 2044 0
E 1071 2045 0
E 2045 2046 0
E 2046 2047 0
E 2047 2048 0
E 2048 2049 0
E 2048 122 1
E 2050 2051 0
E 2051 2052 0
E 232 2053 0
E 2053 2054 0
E 2054 2055 0
E 2055 2056 0
E 2056 2057 0
E 2056 122 1
E 2056 122 1
E 2056 122 1
E 2056 122 1
E 2056 122 1
E 2056 122 1
E 2056 7 1
E 2056 307 1
E 2056 21 1
E 2056 22 1
E 1072 2058 0
E 391 2059 0
E 2059 2060 0
E 2060 2061 0
E 1073 2062 0
E 622 2063 0
E 2063 2064 0
E 392 2065 0
E 1515 2066 0
E 2067 2068 0
E 2068 2069 0
E 2069 2070 0
E 2070 2071 0
E 2071 2072 0
E 2066 2073 0
E 2073 2074 0
E 2074 2075 0
E 2075 2076 0
E 2076 2077 0
E 2077 2078 0
E 2078 2079 0
E 2079 2067 0
E 623 2080 0
E 1544 2081 0
E 2081 2082 0
E 1640 2083 0
E 233 2084 0
E 234 2085 0
E 1074 2086 0
E 1075 2087 0
E 2088 2089 0
E 2090 2091 0
E 2092 2093 0
E 763 2094 0
E 1754 2095 0
E 2095 2096 0
E 764 2097 0
E 2098 2099 0
E 1039 2100 0
E 2101 2102 0
E 548 2103 0
E 2103 2104 0
E 2103 1505 1
E 2103 2017 1
E 2103 2040 1
E 2103 2105 1
E 2103 2106 1
E 2103 2107 1
E 2108 2109 0
E 511 2110 0
E 1318 2111 0
E 2111 2112 0
E 2112 2113 0
E 2113 2114 0
E 2114 2115 0
E 2115 2116 0
E 2116 2117 0
E 2117 2118 0
E 2119 2120 0
E 2121 2122 0
E 2123 2124 0
E 1567 2125 0
E 1568 2126 0
E 1569 2127 0
E 1968 2128 0
E 2128 2129 0
E 549 2130 0
E 2130 2131 0
E 2131 2132 0
E 2132 2133 0
E 1969 2134 0
E 1970 2135 0
E 512 2136 0
E 550 2137 0
E 2137 2138 0
E 551 2139 0
E 2139 2140 0
E 2140 2141 0
E 2141 2142 0
E 2143 2144 0
E 2144 2145 0
E 765 2146 0
E 2146 2147 0
E 1855 2148 0
E 2148 2149 0
E 2148 111 1
E 2148 111 1
E 2148 344 1
E 2148 344 1
E 2148 922 1
E 2148 922 1
E 2148 1738 1
E 2148 1738 1
E 2148 1806 1
E 2148 1806 1
E 2148 953 1
E 2148 953 1
E 2148 953 1
E 2148 953 1
E 2148 1845 1
E 2148 1845 1
E 2148 1868 1
E 2148 1868 1
E 2148 954 1
E 2148 954 1
E 2148 1878 1
E 2148 1878 1
E 2148 1934 1
E 2148 1934 1
E 2148 1963 1
E 2148 1963 1
E 2148 1877 1
E 2148 1877 1
E 2148 1988 1
E 2148 1988 1
E 2148 2050 1
E 2148 2050 1
E 2148 2143 1
E 2148 2143 1
E 2148 2150 1
E 2148 2150 1
E 2148 956 1
E 2148 956 1
E 624 2151 0
E 16 2152 0
E 2152 2153 0
E 2152 1021 1
E 2152 363 1
E 2152 363 1
E 2152 330 1
E 2152 2154 1
E 1115 2155 0
E 2155 2156 0
E 2156 2157 0
E 17 2158 0
E 2158 2159 0
E 2159 2160 0
E 2160 2161 0
E 2161 2162 0
E 2162 2163 0
E 2163 2164 0
E 235 2165 0
E 18 2166 0
E 2166 2167 0
E 2167 2168 0
E 2168 2169 0
E 2168 8 1
E 2168 22 1
E 19 2170 0
E 19 327 1
E 19 327 1
E 19 330 1
E 19 330 1
E 19 330 1
E 19 16 1
E 1040 2171 0
E 1856 2172 0
E 2172 2173 0
E 1857 2174 0
E 2174 2175 0
E 1858 2176 0
E 1859 2177 0
E 1860 2178 0
E 1892 2179 0
E 1893 2180 0
E 2180 2181 0
E 552 2182 0
E 2182 2183 0
E 2183 2184 0
E 2184 2185 0
E 553 2186 0
E 2186 2187 0
E 2187 2188 0
E 554 2189 0
E 2189 2190 0
E 1861 2191 0
E 625 2192 0
E 555 2193 0
E 2193 2194 0
E 556 2195 0
E 2195 2196 0
E 168 2197 0
E 2197 2198 0
E 2197 1140 1
E 169 2199 0
E 169 133 1
E 193 2200 0
E 193 503 1
E 626 2201 0
E 1570 2202 0
E 1571 2203 0
E 627 2204 0
E 791 2205 0
E 2205 2206 0
E 674 2207 0
E 557 2208 0
E 2208 2209 0
E 2209 2210 0
E 558 2211 0
E 2211 2212 0
E 559 2213 0
E 2213 2214 0
E 2214 2215 0
E 2214 55 1
E 2214 503 1
E 2214 503 1
E 2214 781 1
E 2214 854 1
E 2214 1327 1
E 2214 524 1
E 2214 1387 1
E 2214 1405 1
E 2214 1407 1
E 2214 1412 1
E 2214 1389 1
E 2214 1389 1
E 2214 1677 1
E 2214 1681 1
E 2214 528 1
E 2214 535 1
E 2214 536 1
E 2214 537 1
E 2214 2007 1
E 2214 2043 1
E 2214 2088 1
E 2214 2121 1
E 2214 549 1
E 2214 1893 1
E 2214 552 1
E 2214 557 1
E 2214 2216 1
E 2214 560 1
E 2214 2217 1
E 2214 561 1
E 2214 564 1
E 2214 792 1
E 2214 566 1
E 2214 2218 1
E 2214 2219 1
E 2214 2220 1
E 1894 2221 0
E 1997 2222 0
E 2216 2223 0
E 518 2224 0
E 2224 2225 0
E 2225 2226 0
E 560 2227 0
E 2227 2228 0
E 2228 2229 0
E 393 2230 0
E 2230 2231 0
E 2231 1319 0
E 2231 390 1
E 1319 2232 0
E 2232 2233 0
E 2233 2234 0
E 2217 2235 0
E 628 2236 0
E 629 2237 0
E 1320 2238 0
E 1320 370 1
E 1320 370 1
E 1320 370 1
E 1320 370 1
E 1320 370 1
E 1320 370 1
E 1320 370 1
E 630 2239 0
E 631 2240 0
E 561 2241 0
E 2241 2242 0
E 2242 2243 0
E 562 2244 0
E 2244 2245 0
E 2246 2247 0
E 1716 2248 0
E 513 2249 0
E 397 2250 0
E 2250 2251 0
E 2251 2252 0
E 2252 2253 0
E 2253 2254 0
E 766 2255 0
E 2255 2256 0
E 2257 2258 0
E 2258 2259 0
E 2259 2260 0
E 2260 2261 0
E 2261 2262 0
E 2262 2263 0
E 2263 2264 0
E 170 2265 0
E 1862 2266 0
E 2105 2267 0
E 563 2268 0
E 2268 2269 0
E 2268 1412 1
E 2268 2270 1
E 1838 2271 0
E 1838 15 1
E 514 2272 0
E 1445 2273 0
E 1839 2274 0
E 1839 279 1
E 1839 54 1
E 1839 54 1
E 1839 54 1
E 1839 54 1
E 1342 2275 0
E 1342 1341 1
E 1999 2276 0
E 1999 515 1
E 1999 515 1
E 1999 1339 1
E 1999 518 1
E 1999 518 1
E 2004 2277 0
E 2278 2279 0
E 2278 23 1
E 2278 137 1
E 2278 137 1
E 2278 137 1
E 2278 137 1
E 2278 146 1
E 2278 146 1
E 2278 146 1
E 1840 2280 0
E 1840 1079 1
E 1840 1485 1
E 1840 1485 1
E 1840 1485 1
E 1840 1485 1
E 1840 15 1
E 1840 15 1
E 1840 15 1
E 1840 1843 1
E 1572 2281 0
E 2282 2283 0
E 2284 2285 0
E 2286 2287 0
E 2287 2288 0
E 2289 2290 0
E 2291 2292 0
E 2293 2294 0
E 2295 2296 0
E 675 2297 0
E 1573 2298 0
E 1574 2299 0
E 306 2300 0
E 2301 2302 0
E 2303 2304 0
E 2305 2306 0
E 2307 2308 0
E 2309 2310 0
E 2311 2312 0
E 2313 2314 0
E 2315 2316 0
E 2317 2318 0
E 2319 2320 0
E 2321 2322 0
E 2323 2324 0
E 2325 2326 0
E 2327 2328 0
E 2329 2330 0
E 2331 2332 0
E 767 2333 0
E 2334 2335 0
E 564 2336 0
E 2336 2337 0
E 2337 2338 0
E 53 2339 0
E 1717 2340 0
E 792 2341 0
E 2341 2342 0
E 565 2343 0
E 2343 2344 0
E 2345 2346 0
E 1575 2347 0
E 1863 2348 0
E 1041 2349 0
E 1041 82 1
E 1041 125 1
E 1041 299 1
E 1041 1064 1
E 1041 129 1
E 1041 13 1
E 1041 1459 1
E 1041 305 1
E 1041 1042 1
E 1041 2350 1
E 1041 307 1
E 1042 2351 0
E 2351 2352 0
E 566 2353 0
E 2353 2354 0
E 2354 2355 0
E 2355 2356 0
E 700 2357 0
E 2357 2358 0
E 2358 2359 0
E 793 2360 0
E 2360 2361 0
E 794 2362 0
E 2362 2363 0
E 2363 2364 0
E 2218 2365 0
E 567 2366 0
E 2366 2367 0
E 1841 2368 0
E 171 2369 0
E 2369 2370 0
E 2370 2371 0
E 172 2372 0
E 173 2373 0
E 2219 2374 0
E 1321 2375 0
E 2375 2376 0
E 2376 2377 0
E 2377 2378 0
E 2377 728 1
E 2377 1311 1
E 2377 1331 1
E 2377 1436 1
E 2377 827 1
E 2377 1468 1
E 2377 1339 1
E 2377 1339 1
E 2377 1986 1
E 2377 1341 1
E 2377 1341 1
E 2377 2020 1
E 2377 2334 1
E 2377 1321 1
E 2377 1321 1
E 2377 2379 1
E 1545 2380 0
E 2380 2381 0
E 2381 2382 0
E 2382 2383 0
E 2383 2384 0
E 2384 2385 0
E 2385 2386 0
E 2350 2387 0
E 2387 2388 0
E 2388 2389 0
E 2388 57 1
E 2388 299 1
E 2388 1000 1
E 2388 1002 1
E 2388 1064 1
E 2388 1064 1
E 2388 1463 1
E 2388 1474 1
E 2388 1503 1
E 2388 1668 1
E 2388 1670 1
E 2388 1759 1
E 2388 1761 1
E 2388 1763 1
E 2388 1799 1
E 2388 1801 1
E 2388 1895 1
E 2388 1515 1
E 2388 1515 1
E 2388 1515 1
E 2388 2090 1
E 2388 2092 1
E 2388 2098 1
E 2388 2101 1
E 2388 2108 1
E 2388 2119 1
E 2388 2123 1
E 2388 2301 1
E 2388 2303 1
E 2388 2305 1
E 2388 2307 1
E 2388 2309 1
E 2388 2311 1
E 2388 2313 1
E 2388 2315 1
E 2388 2317 1
E 2388 2319 1
E 2388 2321 1
E 2388 2323 1
E 2388 2325 1
E 2388 2327 1
E 2388 2329 1
E 2388 2331 1
E 2388 2350 1
E 1971 2390 0
E 1576 2391 0
E 1043 2392 0
E 568 2393 0
E 2393 2394 0
E 2106 2395 0
E 1864 2396 0
E 2396 2397 0
E 1703 2398 0
E 20 2399 0
E 310 2400 0
E 311 2401 0
E 1116 2402 0
E 54 2403 0
E 2404 2405 0
E 2405 2406 0
E 2406 2407 0
E 2407 2408 0
E 2408 2409 0
E 2409 2410 0
E 2410 2411 0
E 2411 2412 0
E 2412 2413 0
E 2413 2414 0
E 2403 2415 0
E 2414 2416 0
E 2416 2417 0
E 2417 2418 0
E 2418 2419 0
E 2419 2420 0
E 2420 2421 0
E 2421 2422 0
E 2422 2423 0
E 2423 2424 0
E 2424 2425 0
E 2415 2426 0
E 2425 2427 0
E 2427 2428 0
E 2428 2429 0
E 2426 2430 0
E 2430 2431 0
E 2431 2432 0
E 2432 2433 0
E 2433 2434 0
E 2434 2404 0
E 1044 2435 0
E 1076 2436 0
E 2436 2437 0
E 2437 2438 0
E 2438 2439 0
E 2439 2440 0
E 2440 2441 0
E 2441 2442 0
E 1117 2443 0
E 2443 2444 0
E 2444 2445 0
E 2445 2446 0
E 2445 122 1
E 2445 328 1
E 2445 328 1
E 2445 1618 1
E 2445 1541 1
E 2445 1114 1
E 2445 1114 1
E 2445 1114 1
E 2445 1114 1
E 2445 1791 1
E 2445 1791 1
E 2445 1796 1
E 2445 330 1
E 2445 330 1
E 2445 330 1
E 2445 330 1
E 2445 330 1
E 1054 2447 0
E 2447 2448 0
E 2449 2450 0
E 1118 2451 0
E 2451 2452 0
E 2451 873 1
E 2451 873 1
E 2451 873 1
E 2451 873 1
E 2451 129 1
E 2451 129 1
E 2451 129 1
E 2451 129 1
E 2451 129 1
E 2451 129 1
E 2451 129 1
E 2154 2453 0
E 2154 1021 1
E 2154 312 1
E 2454 2455 0
E 2455 2456 0
E 1972 2457 0
E 2457 2458 0
E 174 2459 0
E 307 2460 0
E 2461 2462 0
E 2462 2463 0
E 2463 2464 0
E 2464 2465 0
E 2465 2466 0
E 2466 2467 0
E 2467 2468 0
E 2467 299 1
E 2467 122 1
E 2467 873 1
E 2467 1064 1
E 2467 328 1
E 2467 1728 1
E 2467 2350 1
E 2467 1054 1
E 2460 2469 0
E 2469 2470 0
E 2470 2471 0
E 2471 2472 0
E 2472 2473 0
E 2473 2474 0
E 2474 2475 0
E 2475 2461 0
E 1446 2476 0
E 1119 2477 0
E 2477 2478 0
E 2477 2 1
E 2477 122 1
E 2477 122 1
E 2477 122 1
E 2477 9 1
E 2477 9 1
E 2477 10 1
E 2477 10 1
E 2477 14 1
E 2477 14 1
E 2477 1071 1
E 2477 1071 1
E 2477 232 1
E 2477 232 1
E 2477 1115 1
E 2477 17 1
E 2477 17 1
E 2477 1118 1
E 1973 2479 0
E 2150 2480 0
E 2480 2481 0
E 2379 2482 0
E 2379 582 1
E 757 2483 0
E 2483 2484 0
E 2484 2485 0
E 2485 2486 0
E 2486 2487 0
E 2486 122 1
E 2486 122 1
E 2486 720 1
E 2486 720 1
E 2486 748 1
E 2486 803 1
E 2486 803 1
E 2486 803 1
E 2486 803 1
E 956 2488 0
E 2488 2489 0
E 2489 2490 0
E 2490 1842 0
E 1842 2491 0
E 2491 2492 0
E 2492 2493 0
E 2270 2494 0
E 2220 2495 0
E 2220 1457 1
E 2220 2013 1
E 2220 2015 1
E 2220 2040 1
E 175 2496 0
E 2496 2497 0
E 2497 2498 0
E 2497 135 1
E 2497 154 1
E 2497 154 1
E 2497 154 1
E 2497 154 1
E 2497 270 1
E 2497 270 1
E 2497 270 1
E 2497 394 1
E 2497 610 1
E 2497 723 1
E 2497 723 1
E 2497 723 1
E 2497 1673 1
E 2497 762 1
E 2497 1966 1
E 2497 166 1
E 2497 1318 1
E 2497 2246 1
E 2497 2257 1
E 2497 2257 1
E 2497 2257 1
E 2497 2257 1
E 2497 2257 1
E 2497 2257 1
E 2497 2257 1
E 2497 2278 1
E 2497 2282 1
E 2497 2284 1
E 2497 2286 1
E 2497 2286 1
E 2497 2289 1
E 2497 2291 1
E 2497 2293 1
E 2497 2295 1
E 2497 2345 1
E 2497 2449 1
E 2497 2454 1
E 2497 2454 1
E 21 2499 0
E 2499 2500 0
E 2500 2501 0
E 2501 2502 0
E 2502 2503 0
E 2502 122 1
E 2502 122 1
E 2502 122 1
E 2502 122 1
E 2502 122 1
E 2502 122 1
E 2502 122 1
E 1077 2504 0
E 2504 2505 0
E 2505 2506 0
E 22 2507 0
E 2507 2508 0
E 2508 2509 0
E 2509 2510 0
E 2510 2511 0
E 2510 330 1
E 2107 2512 0
E 1865 2513 0
E 1641 2514 0
E 2514 2515 0
E 2515 2516 0
E 2516 2517 0
E 1642 2518 0
E 2518 2519 0
E 2519 2520 0
E 2520 2521 0
T 1025
T 1
T 24
T 29
T 47
T 38
T 45
T 74
T 51
T 58
T 56
T 60
T 68
T 64
T 70
T 124
T 79
T 81
T 84
T 86
T 104
T 113
T 132
T 128
T 134
T 136
T 145
T 153
T 162
T 180
T 186
T 191
T 203
T 197
T 208
T 213
T 218
T 223
T 250
T 238
T 258
T 252
T 264
T 269
T 278
T 285
T 290
T 295
T 297
T 303
T 309
T 326
T 341
T 343
T 350
T 353
T 360
T 362
T 369
T 377
T 388
T 385
T 478
T 395
T 482
T 480
T 495
T 487
T 492
T 497
T 502
T 517
T 520
T 570
T 572
T 583
T 577
T 581
T 579
T 585
T 588
T 590
T 593
T 596
T 598
T 600
T 602
T 604
T 632
T 634
T 636
T 638
T 640
T 642
T 646
T 644
T 648
T 650
T 652
T 654
T 657
T 659
T 661
T 663
T 665
T 667
T 669
T 670
T 678
T 681
T 683
T 685
T 689
T 690
T 697
T 699
T 706
T 710
T 718
T 719
T 722
T 726
T 727
T 731
T 739
T 741
T 742
T 747
T 753
T 761
T 768
T 773
T 777
T 780
T 782
T 786
T 796
T 802
T 799
T 800
T 812
T 842
T 814
T 824
T 847
T 851
T 855
T 862
T 867
T 872
T 882
T 892
T 895
T 897
T 899
T 906
T 901
T 913
T 914
T 916
T 919
T 921
T 926
T 924
T 938
T 931
T 933
T 952
T 957
T 967
T 970
T 986
T 1001
T 1006
T 1009
T 1013
T 1667
T 1036
T 1033
T 1046
T 1062
T 1052
T 1078
T 1081
T 1088
T 1095
T 1096
T 1112
T 1103
T 1120
T 1121
T 1123
T 1126
T 1134
T 1136
T 1137
T 1139
T 1141
T 1142
T 1147
T 1148
T 1153
T 1163
T 1155
T 1172
T 1164
T 1173
T 1174
T 1175
T 1176
T 1183
T 1190
T 1197
T 1204
T 1211
T 1218
T 1225
T 1232
T 1239
T 1246
T 1253
T 1260
T 1267
T 1274
T 1281
T 1288
T 1295
T 1302
T 1309
T 1310
T 1326
T 1316
T 1328
T 1330
T 1333
T 1338
T 1373
T 1347
T 1351
T 1355
T 1357
T 1380
T 1383
T 1386
T 1388
T 1393
T 1397
T 1404
T 1406
T 1409
T 1411
T 1422
T 1417
T 1430
T 1433
T 1435
T 1437
T 1439
T 1444
T 1456
T 1460
T 1458
T 1461
T 1464
T 1462
T 1467
T 1470
T 1471
T 1476
T 1473
T 1475
T 1478
T 1480
T 1483
T 1484
T 1489
T 1491
T 1496
T 1493
T 1502
T 1504
T 1506
T 1509
T 1511
T 1514
T 1517
T 1520
T 1522
T 1525
T 1531
T 1552
T 1595
T 1557
T 1564
T 1583
T 1588
T 1593
T 1596
T 1603
T 1606
T 1608
T 1615
T 1617
T 1623
T 1625
T 1632
T 1634
T 1636
T 1644
T 1646
T 1647
T 1648
T 1655
T 1666
T 1657
T 2019
T 1674
T 1669
T 1671
T 1672
T 1676
T 1678
T 1680
T 1682
T 1684
T 1688
T 1690
T 1692
T 1694
T 1697
T 1699
T 1702
T 1705
T 1707
T 1709
T 1715
T 1719
T 1720
T 1721
T 1723
T 1725
T 1727
T 1733
T 1734
T 1735
T 1737
T 1742
T 1746
T 1750
T 1758
T 1760
T 1762
T 1764
T 1771
T 1772
T 1774
T 1775
T 1776
T 1777
T 1784
T 1789
T 1790
T 1793
T 1794
T 1795
T 1797
T 1798
T 1800
T 1802
T 1804
T 1805
T 1808
T 1820
T 1836
T 1844
T 1847
T 1849
T 1867
T 1870
T 1876
T 1880
T 1882
T 1884
T 1886
T 1888
T 1891
T 1896
T 1900
T 1904
T 1906
T 1907
T 1908
T 1909
T 1911
T 1912
T 1914
T 1916
T 1917
T 1919
T 1920
T 1921
T 1922
T 1923
T 1926
T 1928
T 1929
T 1931
T 1933
T 1936
T 1938
T 1940
T 1942
T 1944
T 1945
T 1952
T 1954
T 1957
T 1958
T 1962
T 1965
T 1975
T 1967
T 1978
T 1980
T 1983
T 1985
T 1987
T 1991
T 1993
T 1996
T 1998
T 2003
T 2006
T 2008
T 2009
T 2010
T 2012
T 2014
T 2016
T 2018
T 2032
T 2021
T 2022
T 2023
T 2042
T 2044
T 2049
T 2057
T 2052
T 2058
T 2061
T 2062
T 2064
T 2065
T 2072
T 2080
T 2082
T 2083
T 2084
T 2085
T 2086
T 2087
T 2094
T 2089
T 2091
T 2093
T 2096
T 2097
T 2099
T 2100
T 2102
T 2110
T 2104
T 2109
T 2118
T 2120
T 2122
T 2124
T 2125
T 2126
T 2127
T 2129
T 2133
T 2134
T 2135
T 2136
T 2138
T 2142
T 2145
T 2147
T 2149
T 2151
T 2153
T 2157
T 2164
T 2165
T 2169
T 2170
T 2171
T 2173
T 2175
T 2176
T 2177
T 2178
T 2179
T 2181
T 2185
T 2188
T 2190
T 2191
T 2192
T 2194
T 2196
T 2198
T 2200
T 2199
T 2201
T 2204
T 2202
T 2203
T 2207
T 2206
T 2234
T 2210
T 2212
T 2215
T 2221
T 2222
T 2226
T 2223
T 2229
T 2235
T 2236
T 2237
T 2238
T 2239
T 2240
T 2243
T 2245
T 2247
T 2248
T 2254
T 2249
T 2256
T 2264
T 2265
T 2266
T 2267
T 2269
T 2271
T 2272
T 2273
T 2274
T 2275
T 2276
T 2277
T 2279
T 2280
T 2281
T 2283
T 2285
T 2288
T 2290
T 2292
T 2294
T 2296
T 2297
T 2298
T 2299
T 2300
T 2302
T 2304
T 2306
T 2308
T 2310
T 2312
T 2314
T 2316
T 2318
T 2320
T 2322
T 2324
T 2326
T 2328
T 2330
T 2332
T 2333
T 2335
T 2338
T 2339
T 2340
T 2342
T 2344
T 2349
T 2346
T 2347
T 2348
T 2352
T 2359
T 2356
T 2361
T 2364
T 2365
T 2367
T 2368
T 2371
T 2372
T 2373
T 2374
T 2378
T 2386
T 2389
T 2390
T 2391
T 2392
T 2394
T 2395
T 2397
T 2398
T 2399
T 2400
T 2401
T 2402
T 2429
T 2435
T 2442
T 2446
T 2448
T 2450
T 2452
T 2453
T 2456
T 2458
T 2459
T 2468
T 2476
T 2478
T 2479
T 2481
T 2482
T 2487
T 2493
T 2494
T 2495
T 2503
T 2498
T 2506
T 2511
T 2512
T 2513
T 2517
T 2521
R 1
EOF