A 1 2 1
A 1 3 1
A 1 4 1
A 1 5 1
A 1 6 1
A 1 7 1
A 1 8 1
A 1 9 1
A 1 10 1
A 1 11 1
A 1 12 1
A 1 13 1
A 1 14 1
A 1 15 1
A 1 16 1
A 1 17 1
A 1 18 1
A 1 19 1
A 1 20 1
A 1 21 1
A 1 22 1
A 1 23 1
A 1 24 1
A 1 25 1
A 1 26 1
A 1 27 1
A 1 28 1
A 1 29 1
A 1 30 1
A 1 31 1
A 1 32 1
A 1 33 1
A 1 34 1
A 1 35 1
A 1 36 1
A 1 37 1
A 1 38 1
A 1 39 1
A 1 40 1
A 1 41 1
A 1 42 1
A 1 43 1
A 44 45 0
A 45 46 0
A 47 48 0
A 49 50 0
A 51 52 0
A 52 53 0
A 54 55 0
A 56 57 0
A 57 58 0
A 2 3 0
A 3 4 0
A 3 59 1
A 3 60 1
A 3 61 1
A 3 62 1
A 3 63 1
A 3 64 1
A 3 65 1
A 3 66 1
A 3 67 1
A 3 68 1
A 3 69 1
A 4 70 0
A 70 71 0
A 71 72 0
A 73 74 0
A 5 6 0
A 5 75 1
A 6 76 0
A 6 77 1
A 6 78 1
A 6 79 1
A 6 80 1
A 7 8 0
A 8 81 0
A 8 82 1
A 8 83 1
A 8 84 1
A 8 85 1
A 8 86 1
A 8 87 1
A 8 88 1
A 8 89 1
A 81 90 0
A 90 91 0
A 92 93 0
A 94 95 0
A 96 97 0
A 77 98 0
A 98 99 0
A 99 100 0
A 97 101 0
A 101 102 0
A 102 59 0
A 59 82 0
A 82 83 0
A 83 103 0
A 103 84 0
A 84 77 0
A 9 10 0
A 10 104 0
A 104 105 0
A 104 47 1
A 104 49 1
A 104 81 1
A 104 92 1
A 104 94 1
A 104 97 1
A 104 101 1
A 104 102 1
A 104 103 1
A 106 107 0
A 108 109 0
A 110 111 0
A 112 113 0
A 113 114 0
A 115 116 0
A 117 118 0
A 119 120 0
A 121 122 0
A 123 124 0
A 11 12 0
A 11 125 1
A 11 126 1
A 11 127 1
A 12 128 0
A 12 129 1
A 12 130 1
A 12 131 1
A 132 133 0
A 13 14 0
A 14 15 0
A 15 85 0
A 85 16 0
A 16 134 0
A 134 135 0
A 17 18 0
A 20 136 0
A 136 137 0
A 137 138 0
A 138 139 0
A 139 140 0
A 140 141 0
A 141 142 0
A 142 143 0
A 18 19 0
A 19 144 0
A 144 145 0
A 145 86 0
A 86 146 0
A 146 125 0
A 125 126 0
A 126 20 0
A 21 22 0
A 22 60 0
A 60 87 0
A 87 88 0
A 88 147 0
A 148 149 0
A 149 150 0
A 150 151 0
A 151 152 0
A 152 153 0
A 154 155 0
A 155 156 0
A 23 24 0
A 24 157 0
A 24 71 1
A 24 90 1
A 24 96 1
A 24 99 1
A 24 104 1
A 24 112 1
A 24 113 1
A 24 134 1
A 24 144 1
A 24 145 1
A 24 137 1
A 24 138 1
A 127 158 0
A 159 160 0
A 160 161 0
A 162 163 0
A 164 26 0
A 26 165 0
A 26 70 1
A 26 98 1
A 26 108 1
A 26 115 1
A 26 119 1
A 26 136 1
A 26 140 1
A 26 141 1
A 26 142 1
A 75 78 0
A 78 166 0
A 61 167 0
A 168 169 0
A 27 170 0
A 27 110 1
A 27 171 1
A 172 173 0
A 174 175 0
A 28 29 0
A 29 30 0
A 30 176 0
A 25 177 0
A 25 44 1
A 25 45 1
A 25 51 1
A 25 52 1
A 25 54 1
A 25 73 1
A 25 148 1
A 25 149 1
A 25 150 1
A 25 151 1
A 171 178 0
A 62 179 0
A 180 181 0
A 181 182 0
A 31 32 0
A 31 162 1
A 31 172 1
A 31 183 1
A 31 184 1
A 32 185 0
A 185 186 0
A 185 187 1
A 186 188 0
A 186 186 1
A 188 189 0
A 188 190 1
A 189 191 0
A 189 123 1
A 189 189 1
A 189 192 1
A 189 193 1
A 191 194 0
A 194 195 0
A 194 56 1
A 194 57 1
A 194 106 1
A 194 117 1
A 194 121 1
A 194 132 1
A 194 168 1
A 194 174 1
A 194 180 1
A 194 181 1
A 194 196 1
A 194 197 1
A 194 198 1
A 194 199 1
A 194 200 1
A 194 201 1
A 194 202 1
A 194 203 1
A 194 204 1
A 194 205 1
A 194 206 1
A 194 207 1
A 194 208 1
A 194 209 1
A 194 210 1
A 194 211 1
A 194 212 1
A 194 213 1
A 194 214 1
A 194 215 1
A 194 216 1
A 194 217 1
A 194 218 1
A 196 197 0
A 197 219 0
A 63 220 0
A 198 221 0
A 200 222 0
A 183 199 0
A 199 223 0
A 201 224 0
A 225 226 0
A 226 227 0
A 227 228 0
A 228 229 0
A 64 230 0
A 65 231 0
A 66 232 0
A 184 202 0
A 202 203 0
A 203 233 0
A 204 234 0
A 205 235 0
A 33 236 0
A 33 152 1
A 33 154 1
A 33 155 1
A 33 237 1
A 236 238 0
A 236 227 1
A 34 35 0
A 35 89 0
A 89 67 0
A 67 239 0
A 68 240 0
A 36 37 0
A 37 38 0
A 37 146 1
A 37 164 1
A 38 241 0
A 38 139 1
A 38 242 1
A 39 243 0
A 39 159 1
A 39 160 1
A 39 225 1
A 39 226 1
A 39 228 1
A 39 236 1
A 206 207 0
A 207 208 0
A 208 244 0
A 129 245 0
A 209 246 0
A 210 247 0
A 211 248 0
A 212 249 0
A 192 250 0
A 213 251 0
A 193 252 0
A 40 253 0
A 40 185 1
A 40 188 1
A 40 191 1
A 40 194 1
A 40 254 1
A 40 255 1
A 40 256 1
A 79 257 0
A 80 258 0
A 187 190 0
A 190 214 0
A 214 255 0
A 255 254 0
A 254 259 0
A 237 260 0
A 130 261 0
A 256 215 0
A 215 216 0
A 216 217 0
A 217 262 0
A 41 69 0
A 69 42 0
A 42 263 0
A 43 242 0
A 242 131 0
A 131 264 0
A 218 265 0
T 153
T 1
T 46
T 53
T 48
T 50
T 55
T 58
T 72
T 74
T 76
T 91
T 93
T 95
T 100
T 105
T 107
T 109
T 111
T 114
T 116
T 118
T 120
T 122
T 124
T 128
T 135
T 133
T 143
T 147
T 177
T 156
T 157
T 158
T 161
T 165
T 163
T 166
T 167
T 169
T 170
T 173
T 175
T 176
T 178
T 179
T 182
T 195
T 219
T 220
T 221
T 223
T 222
T 224
T 229
T 230
T 231
T 232
T 233
T 234
T 235
T 238
T 239
T 240
T 241
T 243
T 244
T 245
T 246
T 247
T 248
T 249
T 250
T 251
T 252
T 253
T 257
T 258
T 259
T 260
T 261
T 262
T 263
T 264
T 265
Root 1
EOF