E 1 2 1
E 1 2 1
E 1 2 1
E 1 3 1
E 1 3 1
E 1 4 1
E 1 4 1
E 1 5 1
E 1 5 1
E 1 6 1
E 1 6 1
E 1 7 1
E 1 7 1
E 1 7 1
E 1 7 1
E 1 8 1
E 1 8 1
E 1 8 1
E 1 8 1
E 1 9 1
E 1 9 1
E 1 10 1
E 1 10 1
E 1 11 1
E 1 12 1
E 1 13 1
E 1 14 1
E 1 14 1
E 1 14 1
E 1 15 1
E 1 15 1
E 1 16 1
E 1 17 1
E 1 17 1
E 1 18 1
E 1 18 1
E 1 18 1
E 1 19 1
E 1 20 1
E 1 21 1
E 1 21 1
E 1 22 1
E 23 24 0
E 24 25 0
E 25 26 0
E 27 28 0
E 28 29 0
E 29 30 0
E 30 31 0
E 31 32 0
E 32 33 0
E 32 34 1
E 32 35 1
E 32 35 1
E 32 36 1
E 32 36 1
E 32 36 1
E 32 37 1
E 32 37 1
E 32 37 1
E 32 37 1
E 32 37 1
E 38 39 0
E 39 40 0
E 40 41 0
E 41 42 0
E 43 44 0
E 44 45 0
E 45 46 0
E 46 47 0
E 47 48 0
E 48 49 0
E 49 50 0
E 50 51 0
E 51 52 0
E 53 54 0
E 54 55 0
E 55 56 0
E 57 58 0
E 58 59 0
E 59 60 0
E 60 61 0
E 61 62 0
E 63 64 0
E 64 65 0
E 66 67 0
E 68 69 0
E 69 70 0
E 70 71 0
E 72 73 0
E 74 75 0
E 75 76 0
E 76 77 0
E 76 74 1
E 76 78 1
E 76 79 1
E 76 80 1
E 76 80 1
E 76 80 1
E 76 80 1
E 76 80 1
E 81 82 0
E 83 84 0
E 85 86 0
E 87 88 0
E 89 90 0
E 91 92 0
E 93 94 0
E 94 95 0
E 95 96 0
E 96 97 0
E 97 98 0
E 98 99 0
E 98 93 1
E 98 100 1
E 98 100 1
E 98 100 1
E 98 101 1
E 99 102 0
E 103 104 0
E 104 105 0
E 105 106 0
E 106 107 0
E 108 109 0
E 109 110 0
E 110 111 0
E 111 112 0
E 113 114 0
E 115 116 0
E 116 117 0
E 118 119 0
E 120 121 0
E 121 122 0
E 122 123 0
E 124 125 0
E 126 127 0
E 128 129 0
E 130 131 0
E 131 132 0
E 133 134 0
E 134 135 0
E 136 137 0
E 137 138 0
E 138 139 0
E 138 140 1
E 138 140 1
E 138 140 1
E 141 142 0
E 142 143 0
E 143 144 0
E 145 146 0
E 147 148 0
E 148 149 0
E 148 150 1
E 148 150 1
E 148 150 1
E 148 150 1
E 151 152 0
E 153 154 0
E 150 155 0
E 156 157 0
E 157 158 0
E 158 159 0
E 159 160 0
E 160 161 0
E 161 162 0
E 162 163 0
E 163 164 0
E 164 165 0
E 165 166 0
E 155 167 0
E 166 168 0
E 168 169 0
E 169 170 0
E 170 171 0
E 171 172 0
E 172 173 0
E 173 174 0
E 174 175 0
E 175 176 0
E 176 177 0
E 176 150 1
E 176 150 1
E 176 150 1
E 176 150 1
E 176 150 1
E 167 178 0
E 178 179 0
E 179 180 0
E 180 181 0
E 181 182 0
E 182 183 0
E 183 156 0
E 184 185 0
E 185 186 0
E 186 187 0
E 187 188 0
E 188 189 0
E 188 190 1
E 189 191 0
E 192 193 0
E 192 194 1
E 192 194 1
E 192 194 1
E 195 196 0
E 196 197 0
E 197 198 0
E 198 199 0
E 199 200 0
E 200 201 0
E 202 203 0
E 203 204 0
E 204 205 0
E 205 206 0
E 206 207 0
E 206 195 1
E 206 195 1
E 206 195 1
E 206 208 1
E 206 208 1
E 206 208 1
E 206 209 1
E 206 209 1
E 206 209 1
E 206 140 1
E 206 140 1
E 206 140 1
E 206 140 1
E 210 211 0
E 212 213 0
E 213 214 0
E 213 63 1
E 213 215 1
E 213 216 1
E 213 217 1
E 213 218 1
E 213 219 1
E 213 220 1
E 213 221 1
E 222 223 0
E 222 35 1
E 222 35 1
E 222 224 1
E 222 225 1
E 223 226 0
E 227 228 0
E 228 229 0
E 230 231 0
E 231 232 0
E 232 233 0
E 233 234 0
E 235 236 0
E 236 237 0
E 237 238 0
E 238 239 0
E 240 241 0
E 241 242 0
E 242 243 0
E 243 244 0
E 244 245 0
E 245 246 0
E 246 247 0
E 248 249 0
E 250 251 0
E 251 252 0
E 252 253 0
E 253 254 0
E 254 255 0
E 256 257 0
E 257 258 0
E 258 259 0
E 259 260 0
E 260 261 0
E 261 262 0
E 262 263 0
E 263 264 0
E 263 265 1
E 263 265 1
E 263 266 1
E 263 267 1
E 263 268 1
E 263 269 1
E 263 269 1
E 263 270 1
E 263 270 1
E 263 271 1
E 263 271 1
E 263 272 1
E 263 272 1
E 263 273 1
E 263 273 1
E 263 274 1
E 263 274 1
E 263 274 1
E 263 274 1
E 263 274 1
E 275 276 0
E 276 277 0
E 277 278 0
E 278 279 0
E 279 280 0
E 280 281 0
E 282 283 0
E 283 284 0
E 284 285 0
E 285 286 0
E 286 287 0
E 287 288 0
E 289 290 0
E 290 291 0
E 290 292 1
E 290 293 1
E 294 295 0
E 296 297 0
E 297 298 0
E 298 299 0
E 299 300 0
E 300 301 0
E 302 303 0
E 303 304 0
E 304 305 0
E 305 306 0
E 306 307 0
E 307 308 0
E 308 309 0
E 310 311 0
E 311 312 0
E 2 313 0
E 313 314 0
E 314 315 0
E 315 316 0
E 316 317 0
E 317 318 0
E 318 319 0
E 318 190 1
E 318 9 1
E 318 320 1
E 318 321 1
E 318 322 1
E 318 323 1
E 318 324 1
E 318 325 1
E 318 17 1
E 318 326 1
E 318 21 1
E 327 328 0
E 329 330 0
E 330 331 0
E 331 332 0
E 332 333 0
E 333 334 0
E 334 335 0
E 336 337 0
E 337 338 0
E 338 339 0
E 339 340 0
E 340 341 0
E 341 342 0
E 342 343 0
E 343 344 0
E 345 346 0
E 346 347 0
E 347 348 0
E 348 349 0
E 349 350 0
E 350 351 0
E 351 352 0
E 265 353 0
E 353 354 0
E 354 355 0
E 355 356 0
E 356 357 0
E 357 358 0
E 358 359 0
E 360 361 0
E 361 362 0
E 363 364 0
E 365 366 0
E 366 367 0
E 367 368 0
E 368 369 0
E 368 145 1
E 368 223 1
E 368 294 1
E 368 363 1
E 368 370 1
E 368 371 1
E 368 372 1
E 368 373 1
E 368 374 1
E 368 375 1
E 368 376 1
E 368 376 1
E 368 377 1
E 368 378 1
E 368 378 1
E 368 379 1
E 368 380 1
E 368 380 1
E 368 381 1
E 368 382 1
E 368 383 1
E 368 383 1
E 368 384 1
E 368 385 1
E 368 386 1
E 368 386 1
E 368 387 1
E 368 387 1
E 368 388 1
E 368 389 1
E 368 390 1
E 368 390 1
E 368 391 1
E 368 391 1
E 368 392 1
E 368 392 1
E 368 393 1
E 368 394 1
E 368 394 1
E 368 395 1
E 368 396 1
E 368 397 1
E 368 397 1
E 368 398 1
E 368 398 1
E 368 399 1
E 368 399 1
E 368 400 1
E 368 401 1
E 368 402 1
E 368 402 1
E 368 403 1
E 368 404 1
E 368 404 1
E 368 405 1
E 368 405 1
E 368 406 1
E 368 406 1
E 368 407 1
E 368 407 1
E 368 408 1
E 368 408 1
E 368 409 1
E 368 409 1
E 368 410 1
E 368 410 1
E 368 411 1
E 368 411 1
E 368 412 1
E 368 413 1
E 368 413 1
E 368 414 1
E 368 414 1
E 368 415 1
E 368 416 1
E 368 416 1
E 368 417 1
E 368 418 1
E 368 419 1
E 368 419 1
E 368 420 1
E 368 420 1
E 368 421 1
E 368 421 1
E 368 422 1
E 368 423 1
E 368 424 1
E 368 425 1
E 368 426 1
E 368 427 1
E 368 428 1
E 368 429 1
E 368 429 1
E 368 430 1
E 368 431 1
E 368 432 1
E 368 433 1
E 368 434 1
E 368 434 1
E 368 435 1
E 368 436 1
E 368 436 1
E 368 437 1
E 368 438 1
E 368 439 1
E 368 440 1
E 368 440 1
E 368 441 1
E 368 442 1
E 368 442 1
E 368 443 1
E 368 444 1
E 368 445 1
E 368 446 1
E 368 446 1
E 368 447 1
E 368 448 1
E 368 449 1
E 368 449 1
E 368 450 1
E 368 451 1
E 368 452 1
E 368 453 1
E 368 454 1
E 368 454 1
E 368 455 1
E 368 455 1
E 368 456 1
E 368 457 1
E 368 457 1
E 368 458 1
E 368 458 1
E 368 459 1
E 368 460 1
E 368 461 1
E 368 461 1
E 368 462 1
E 368 462 1
E 368 463 1
E 368 464 1
E 368 464 1
E 368 465 1
E 368 466 1
E 368 466 1
E 368 467 1
E 368 467 1
E 368 468 1
E 368 468 1
E 368 469 1
E 368 469 1
E 368 470 1
E 368 470 1
E 368 471 1
E 368 471 1
E 368 472 1
E 368 472 1
E 368 473 1
E 368 474 1
E 368 474 1
E 368 475 1
E 368 475 1
E 368 476 1
E 368 476 1
E 368 477 1
E 368 477 1
E 368 478 1
E 368 478 1
E 368 479 1
E 368 480 1
E 368 480 1
E 368 481 1
E 368 481 1
E 368 482 1
E 368 482 1
E 368 483 1
E 368 484 1
E 368 484 1
E 368 485 1
E 368 485 1
E 368 486 1
E 368 486 1
E 368 487 1
E 368 487 1
E 368 488 1
E 368 488 1
E 368 489 1
E 368 489 1
E 368 490 1
E 368 490 1
E 368 491 1
E 368 492 1
E 368 493 1
E 368 494 1
E 368 495 1
E 368 496 1
E 368 496 1
E 368 497 1
E 368 498 1
E 368 499 1
E 368 499 1
E 368 500 1
E 368 501 1
E 368 502 1
E 368 503 1
E 368 504 1
E 368 505 1
E 368 506 1
E 368 506 1
E 368 507 1
E 368 508 1
E 368 508 1
E 368 508 1
E 368 509 1
E 368 510 1
E 368 511 1
E 368 512 1
E 368 513 1
E 368 514 1
E 368 514 1
E 368 515 1
E 368 516 1
E 368 517 1
E 368 518 1
E 364 519 0
E 519 520 0
E 520 521 0
E 521 522 0
E 522 523 0
E 523 524 0
E 524 525 0
E 525 365 0
E 526 527 0
E 527 528 0
E 528 529 0
E 529 530 0
E 530 531 0
E 530 532 1
E 530 533 1
E 530 293 1
E 534 535 0
E 535 536 0
E 536 537 0
E 538 539 0
E 539 540 0
E 540 541 0
E 540 23 1
E 540 23 1
E 540 240 1
E 540 240 1
E 540 250 1
E 540 250 1
E 540 275 1
E 540 275 1
E 540 282 1
E 540 282 1
E 540 302 1
E 540 302 1
E 540 329 1
E 540 329 1
E 540 336 1
E 540 336 1
E 540 345 1
E 540 345 1
E 542 543 0
E 543 544 0
E 544 545 0
E 545 546 0
E 547 548 0
E 548 549 0
E 550 551 0
E 551 552 0
E 552 553 0
E 553 554 0
E 554 555 0
E 555 556 0
E 556 370 0
E 370 557 0
E 3 558 0
E 558 371 0
E 558 190 1
E 558 140 1
E 558 140 1
E 558 559 1
E 558 560 1
E 371 561 0
E 562 563 0
E 564 565 0
E 565 566 0
E 566 567 0
E 567 568 0
E 568 569 0
E 569 570 0
E 570 571 0
E 571 572 0
E 572 372 0
E 572 573 1
E 572 574 1
E 572 575 1
E 572 575 1
E 572 8 1
E 572 576 1
E 572 576 1
E 572 577 1
E 572 578 1
E 572 578 1
E 572 578 1
E 572 578 1
E 572 140 1
E 572 140 1
E 572 140 1
E 572 140 1
E 572 140 1
E 372 579 0
E 563 580 0
E 580 581 0
E 581 582 0
E 582 583 0
E 583 584 0
E 584 585 0
E 585 586 0
E 586 564 0
E 4 587 0
E 587 588 0
E 588 589 0
E 589 590 0
E 590 591 0
E 590 190 1
E 590 190 1
E 590 190 1
E 590 7 1
E 590 8 1
E 590 9 1
E 590 9 1
E 590 17 1
E 373 592 0
E 593 594 0
E 594 595 0
E 595 596 0
E 596 597 0
E 597 598 0
E 599 600 0
E 601 602 0
E 601 576 1
E 601 603 1
E 601 603 1
E 601 603 1
E 601 603 1
E 601 603 1
E 604 605 0
E 374 606 0
E 606 607 0
E 608 609 0
E 609 610 0
E 611 612 0
E 612 613 0
E 613 614 0
E 614 615 0
E 615 616 0
E 615 296 1
E 615 296 1
E 615 296 1
E 615 617 1
E 615 618 1
E 615 401 1
E 615 619 1
E 615 619 1
E 615 620 1
E 617 621 0
E 622 623 0
E 624 625 0
E 626 627 0
E 627 628 0
E 628 629 0
E 629 630 0
E 630 631 0
E 625 632 0
E 632 633 0
E 633 634 0
E 634 635 0
E 635 636 0
E 636 637 0
E 637 638 0
E 638 626 0
E 639 640 0
E 641 642 0
E 643 644 0
E 645 646 0
E 190 647 0
E 648 649 0
E 649 650 0
E 650 651 0
E 651 652 0
E 652 653 0
E 653 654 0
E 654 655 0
E 655 656 0
E 656 657 0
E 657 658 0
E 647 659 0
E 658 660 0
E 660 661 0
E 661 662 0
E 662 663 0
E 663 664 0
E 664 665 0
E 665 666 0
E 666 667 0
E 667 668 0
E 668 669 0
E 659 670 0
E 669 671 0
E 671 672 0
E 672 673 0
E 673 674 0
E 674 675 0
E 675 676 0
E 676 677 0
E 677 678 0
E 678 679 0
E 679 680 0
E 670 681 0
E 680 682 0
E 682 683 0
E 683 684 0
E 684 685 0
E 685 686 0
E 686 687 0
E 687 688 0
E 688 689 0
E 689 690 0
E 690 375 0
E 690 184 1
E 681 691 0
E 375 692 0
E 692 693 0
E 691 694 0
E 694 695 0
E 695 696 0
E 696 648 0
E 697 698 0
E 698 699 0
E 699 700 0
E 700 701 0
E 702 703 0
E 704 705 0
E 706 707 0
E 377 708 0
E 709 710 0
E 710 711 0
E 711 712 0
E 712 713 0
E 378 714 0
E 714 715 0
E 716 717 0
E 717 718 0
E 718 719 0
E 719 720 0
E 720 721 0
E 721 722 0
E 722 723 0
E 723 724 0
E 376 725 0
E 725 726 0
E 380 727 0
E 727 728 0
E 729 730 0
E 730 731 0
E 381 732 0
E 733 734 0
E 734 735 0
E 382 736 0
E 382 363 1
E 737 738 0
E 738 739 0
E 739 740 0
E 739 593 1
E 739 593 1
E 739 741 1
E 739 741 1
E 739 741 1
E 739 741 1
E 739 741 1
E 742 743 0
E 5 744 0
E 744 745 0
E 745 746 0
E 746 747 0
E 747 748 0
E 748 749 0
E 748 190 1
E 748 190 1
E 748 750 1
E 748 751 1
E 748 752 1
E 383 753 0
E 753 754 0
E 754 755 0
E 755 756 0
E 757 758 0
E 100 759 0
E 759 760 0
E 760 761 0
E 760 762 1
E 760 762 1
E 760 762 1
E 760 762 1
E 760 763 1
E 760 764 1
E 760 765 1
E 760 765 1
E 760 766 1
E 760 767 1
E 768 769 0
E 769 770 0
E 771 772 0
E 772 773 0
E 773 774 0
E 774 775 0
E 775 776 0
E 776 777 0
E 776 405 1
E 776 405 1
E 776 405 1
E 776 778 1
E 776 779 1
E 776 779 1
E 776 779 1
E 776 779 1
E 776 779 1
E 780 781 0
E 781 782 0
E 781 783 1
E 784 785 0
E 786 787 0
E 787 788 0
E 789 790 0
E 790 791 0
E 384 792 0
E 793 794 0
E 385 795 0
E 795 796 0
E 796 797 0
E 797 798 0
E 798 799 0
E 799 800 0
E 801 802 0
E 802 803 0
E 803 804 0
E 387 805 0
E 805 806 0
E 805 296 1
E 805 296 1
E 805 390 1
E 805 807 1
E 805 807 1
E 805 394 1
E 805 394 1
E 805 808 1
E 805 808 1
E 805 474 1
E 388 809 0
E 810 811 0
E 812 813 0
E 813 814 0
E 814 815 0
E 815 816 0
E 386 817 0
E 817 818 0
E 389 819 0
E 820 821 0
E 821 822 0
E 823 824 0
E 824 825 0
E 824 44 1
E 824 44 1
E 824 44 1
E 824 44 1
E 824 44 1
E 390 826 0
E 826 827 0
E 827 828 0
E 828 829 0
E 829 830 0
E 831 832 0
E 832 833 0
E 833 834 0
E 835 836 0
E 837 838 0
E 838 839 0
E 840 841 0
E 841 842 0
E 842 843 0
E 843 844 0
E 844 845 0
E 846 847 0
E 847 848 0
E 848 849 0
E 850 851 0
E 851 852 0
E 852 853 0
E 853 854 0
E 853 855 1
E 807 856 0
E 856 857 0
E 858 859 0
E 859 860 0
E 860 861 0
E 862 863 0
E 863 864 0
E 864 865 0
E 865 866 0
E 867 868 0
E 868 869 0
E 870 871 0
E 871 872 0
E 872 873 0
E 873 874 0
E 874 875 0
E 875 876 0
E 877 878 0
E 878 879 0
E 879 880 0
E 879 282 1
E 879 302 1
E 879 329 1
E 879 336 1
E 879 526 1
E 879 840 1
E 879 850 1
E 879 862 1
E 879 881 1
E 879 882 1
E 879 883 1
E 879 618 1
E 879 884 1
E 879 885 1
E 879 886 1
E 879 887 1
E 879 888 1
E 879 889 1
E 879 890 1
E 879 891 1
E 879 892 1
E 879 893 1
E 879 894 1
E 879 895 1
E 879 896 1
E 879 897 1
E 879 898 1
E 879 899 1
E 879 900 1
E 879 901 1
E 879 902 1
E 879 903 1
E 879 904 1
E 879 905 1
E 879 906 1
E 879 907 1
E 908 909 0
E 909 910 0
E 910 911 0
E 292 912 0
E 912 913 0
E 913 914 0
E 914 915 0
E 915 916 0
E 881 917 0
E 917 918 0
E 918 919 0
E 919 920 0
E 391 921 0
E 921 922 0
E 923 924 0
E 924 925 0
E 925 926 0
E 927 928 0
E 928 929 0
E 929 930 0
E 931 932 0
E 933 934 0
E 934 935 0
E 935 936 0
E 936 937 0
E 937 938 0
E 938 939 0
E 882 940 0
E 940 941 0
E 941 942 0
E 942 943 0
E 944 945 0
E 945 946 0
E 947 948 0
E 948 949 0
E 950 951 0
E 951 952 0
E 952 953 0
E 883 954 0
E 954 955 0
E 955 956 0
E 956 957 0
E 618 958 0
E 958 959 0
E 959 960 0
E 960 961 0
E 961 962 0
E 962 963 0
E 392 964 0
E 964 965 0
E 965 966 0
E 966 967 0
E 967 968 0
E 532 969 0
E 969 970 0
E 970 971 0
E 971 972 0
E 393 973 0
E 884 974 0
E 974 975 0
E 975 976 0
E 976 977 0
E 395 978 0
E 979 980 0
E 980 981 0
E 982 983 0
E 983 984 0
E 984 985 0
E 986 987 0
E 987 988 0
E 987 889 1
E 987 989 1
E 987 990 1
E 987 991 1
E 987 80 1
E 34 992 0
E 34 27 1
E 993 994 0
E 396 995 0
E 996 997 0
E 997 998 0
E 998 999 0
E 999 1000 0
E 1000 1001 0
E 1001 1002 0
E 397 1003 0
E 1003 1004 0
E 1005 1006 0
E 1006 1007 0
E 1007 1008 0
E 1008 1009 0
E 1009 1010 0
E 1010 1011 0
E 1012 1013 0
E 1013 1014 0
E 1014 1015 0
E 1015 1016 0
E 1015 1012 1
E 1015 889 1
E 1015 1017 1
E 1015 1018 1
E 885 1019 0
E 1019 1020 0
E 1020 1021 0
E 1021 1022 0
E 1021 989 1
E 1021 433 1
E 1021 990 1
E 1021 898 1
E 1021 1023 1
E 1021 1024 1
E 1021 80 1
E 1021 80 1
E 394 1025 0
E 1025 1026 0
E 1026 1027 0
E 1027 1028 0
E 886 1029 0
E 1029 1030 0
E 1030 1031 0
E 1031 1032 0
E 1033 1034 0
E 1034 1035 0
E 1035 1036 0
E 1036 1037 0
E 1037 1038 0
E 1038 1039 0
E 1039 1040 0
E 1041 1042 0
E 1043 1044 0
E 1044 1045 0
E 1045 1046 0
E 1046 1047 0
E 1048 1049 0
E 1049 1050 0
E 1049 23 1
E 1049 240 1
E 1049 250 1
E 1049 275 1
E 1049 282 1
E 1049 302 1
E 1049 329 1
E 1049 336 1
E 1049 345 1
E 1049 265 1
E 1049 526 1
E 1049 534 1
E 1049 538 1
E 1049 812 1
E 1049 831 1
E 1049 835 1
E 1049 840 1
E 1049 846 1
E 1049 850 1
E 1049 858 1
E 1049 862 1
E 1049 870 1
E 1049 877 1
E 1049 908 1
E 1049 881 1
E 1049 923 1
E 1049 927 1
E 1049 933 1
E 1049 882 1
E 1049 950 1
E 1049 883 1
E 1049 618 1
E 1049 532 1
E 1049 884 1
E 1049 982 1
E 1049 996 1
E 1049 1005 1
E 1049 1012 1
E 1049 885 1
E 1049 886 1
E 1049 1033 1
E 1049 1043 1
E 1049 404 1
E 1049 1051 1
E 1049 889 1
E 1049 1052 1
E 1049 989 1
E 1049 1053 1
E 1049 1054 1
E 1049 890 1
E 1049 891 1
E 1049 1055 1
E 1049 1056 1
E 1049 433 1
E 1049 1057 1
E 1049 1058 1
E 1049 1059 1
E 1049 1060 1
E 1049 1061 1
E 1049 1062 1
E 1049 1063 1
E 1049 1064 1
E 1049 1065 1
E 1049 1066 1
E 1049 1067 1
E 1049 894 1
E 1049 1068 1
E 1049 1069 1
E 1049 1070 1
E 1049 1071 1
E 1049 1072 1
E 1049 1073 1
E 1049 1074 1
E 1049 1075 1
E 1049 1076 1
E 1049 897 1
E 1049 484 1
E 1049 901 1
E 1049 1077 1
E 1049 902 1
E 1049 903 1
E 1049 1023 1
E 1049 1078 1
E 1049 1079 1
E 1049 1080 1
E 1049 1081 1
E 1049 1082 1
E 1049 1083 1
E 1049 1084 1
E 1049 1085 1
E 1049 501 1
E 1049 1086 1
E 1049 1024 1
E 1049 1087 1
E 1049 1088 1
E 1049 1017 1
E 1049 1089 1
E 1049 505 1
E 1049 1090 1
E 1049 1091 1
E 1049 80 1
E 1049 1092 1
E 1049 1093 1
E 1049 1094 1
E 1049 1095 1
E 1049 1096 1
E 1049 1097 1
E 1049 221 1
E 1049 1098 1
E 1049 1099 1
E 1049 1100 1
E 1049 1101 1
E 1049 1102 1
E 1049 1103 1
E 398 1104 0
E 1104 1105 0
E 1105 1106 0
E 1107 1108 0
E 1107 1109 1
E 1107 990 1
E 1110 1111 0
E 1111 1112 0
E 1111 265 1
E 1111 990 1
E 1111 1113 1
E 399 1114 0
E 1114 1115 0
E 400 1116 0
E 1116 1117 0
E 1118 1119 0
E 1119 1120 0
E 1121 1122 0
E 1122 1123 0
E 1123 1124 0
E 401 1125 0
E 1125 1126 0
E 403 1127 0
E 1128 1129 0
E 402 1130 0
E 1130 1131 0
E 619 1132 0
E 1132 1133 0
E 1132 1134 1
E 1132 1134 1
E 1132 1134 1
E 1132 1135 1
E 1132 1135 1
E 1132 1135 1
E 1136 1137 0
E 1138 1139 0
E 1139 1140 0
E 1140 1141 0
E 741 1142 0
E 1143 1144 0
E 1144 1145 0
E 1145 1146 0
E 1146 1147 0
E 1147 1148 0
E 1142 1149 0
E 1149 1150 0
E 1150 1151 0
E 1151 1152 0
E 1152 1153 0
E 1153 1154 0
E 1154 1155 0
E 1155 1143 0
E 404 1156 0
E 1156 1157 0
E 1157 1158 0
E 1158 1159 0
E 1159 1160 0
E 1160 1161 0
E 1161 1162 0
E 1162 1163 0
E 35 1164 0
E 1165 1166 0
E 1166 1167 0
E 1167 1168 0
E 1168 1169 0
E 1169 1170 0
E 1170 1171 0
E 1171 1172 0
E 1172 1173 0
E 1173 1174 0
E 1174 1175 0
E 1164 1176 0
E 1175 1177 0
E 1177 1178 0
E 1178 1179 0
E 1179 1180 0
E 1180 1181 0
E 1181 1182 0
E 1182 1183 0
E 1183 1184 0
E 1184 1185 0
E 1185 1186 0
E 1176 1187 0
E 1186 1188 0
E 1188 1189 0
E 1189 1190 0
E 1190 1191 0
E 1187 1192 0
E 1192 1193 0
E 1193 405 0
E 1193 27 1
E 1193 27 1
E 1193 27 1
E 1193 27 1
E 1193 27 1
E 405 1194 0
E 1194 1195 0
E 1195 1165 0
E 1196 1197 0
E 224 406 0
E 1198 1199 0
E 1199 1200 0
E 1200 1201 0
E 406 1202 0
E 1202 1203 0
E 1203 1204 0
E 1204 1205 0
E 1205 1206 0
E 1206 1207 0
E 1207 1208 0
E 1208 1198 0
E 620 1209 0
E 407 1210 0
E 1210 1211 0
E 408 1212 0
E 1212 1213 0
E 409 1214 0
E 1214 1215 0
E 410 1216 0
E 1216 1217 0
E 412 1218 0
E 208 1219 0
E 1219 1220 0
E 1220 1221 0
E 411 1222 0
E 1222 1223 0
E 1224 1225 0
E 1225 1226 0
E 1226 1227 0
E 1228 1229 0
E 1229 1230 0
E 1230 1231 0
E 1231 1232 0
E 266 1233 0
E 1234 1235 0
E 1236 1237 0
E 1237 1238 0
E 1238 1239 0
E 413 1240 0
E 1240 1241 0
E 1241 1242 0
E 1242 1243 0
E 415 1244 0
E 1245 1246 0
E 1246 1247 0
E 1247 1248 0
E 1248 1249 0
E 1249 1250 0
E 1250 1251 0
E 1251 1252 0
E 101 414 0
E 101 786 1
E 101 35 1
E 101 35 1
E 414 1253 0
E 1253 1254 0
E 1254 1255 0
E 1256 1257 0
E 1257 1258 0
E 1258 1259 0
E 1260 1261 0
E 1262 1263 0
E 1261 1264 0
E 1264 1265 0
E 1265 1266 0
E 1266 1267 0
E 1267 1268 0
E 1268 1269 0
E 1269 1270 0
E 1270 1262 0
E 194 1271 0
E 1271 1272 0
E 1272 1273 0
E 1273 1274 0
E 1274 1275 0
E 1275 1276 0
E 1276 1277 0
E 1278 1279 0
E 1280 1281 0
E 417 1282 0
E 1282 1283 0
E 1283 1284 0
E 1283 363 1
E 1283 392 1
E 1283 400 1
E 1283 1285 1
E 1283 1286 1
E 1283 1134 1
E 1283 1135 1
E 1283 1287 1
E 1283 516 1
E 1288 1289 0
E 1289 1290 0
E 1291 1292 0
E 1292 1293 0
E 1293 1294 0
E 1294 1295 0
E 1295 1296 0
E 1297 1298 0
E 1298 1299 0
E 416 1300 0
E 1300 1301 0
E 1302 1303 0
E 418 1304 0
E 887 1305 0
E 419 1306 0
E 1306 1307 0
E 1308 1309 0
E 1309 1310 0
E 1310 1311 0
E 1311 1312 0
E 1312 1313 0
E 1312 66 1
E 1312 1314 1
E 1312 8 1
E 1312 1315 1
E 1312 1316 1
E 1312 1317 1
E 1318 1319 0
E 1319 1320 0
E 1320 1321 0
E 1321 1322 0
E 1322 1323 0
E 1323 1324 0
E 420 1325 0
E 1325 1326 0
E 421 1327 0
E 1327 1328 0
E 422 1329 0
E 1330 1331 0
E 1331 1332 0
E 1332 1333 0
E 423 1334 0
E 1335 1336 0
E 1336 1337 0
E 1338 1339 0
E 1339 1340 0
E 1340 1341 0
E 1341 1342 0
E 1343 1344 0
E 1344 1345 0
E 1345 1346 0
E 1346 1347 0
E 1346 737 1
E 1346 737 1
E 1346 737 1
E 1346 742 1
E 1346 1330 1
E 1346 1330 1
E 1346 1330 1
E 1346 1343 1
E 1346 1348 1
E 1346 1348 1
E 1346 1349 1
E 1346 1349 1
E 1346 1349 1
E 1346 1350 1
E 1346 1350 1
E 1346 1351 1
E 1346 1351 1
E 1346 1352 1
E 1346 1352 1
E 1346 1353 1
E 1346 1353 1
E 1346 1354 1
E 1346 1355 1
E 1346 1355 1
E 1346 1356 1
E 1346 1356 1
E 1346 1356 1
E 1357 1358 0
E 1357 80 1
E 1357 80 1
E 1359 1360 0
E 778 1361 0
E 1362 1363 0
E 1364 1365 0
E 1366 1367 0
E 1366 562 1
E 1366 190 1
E 1366 190 1
E 1366 1224 1
E 1366 578 1
E 1366 578 1
E 1366 578 1
E 1366 578 1
E 1366 578 1
E 1366 140 1
E 1366 1368 1
E 1366 1369 1
E 1366 1369 1
E 1366 1370 1
E 1366 1371 1
E 1366 1371 1
E 1366 1371 1
E 1366 1371 1
E 1366 1371 1
E 1367 1372 0
E 1365 1373 0
E 1373 1374 0
E 1374 1375 0
E 1375 1376 0
E 1376 1377 0
E 1377 1378 0
E 1378 1379 0
E 1379 1366 0
E 1380 1381 0
E 1382 1383 0
E 1384 1385 0
E 1385 1386 0
E 1386 1387 0
E 1387 1388 0
E 1388 1389 0
E 1389 1390 0
E 1390 1391 0
E 1390 74 1
E 1390 771 1
E 1390 771 1
E 1390 771 1
E 1390 771 1
E 1390 1245 1
E 1390 1343 1
E 1390 1343 1
E 1390 1384 1
E 1390 1392 1
E 1390 268 1
E 1390 1393 1
E 1390 1394 1
E 1390 1395 1
E 1390 1395 1
E 1390 1396 1
E 1390 1397 1
E 1390 1397 1
E 1390 1397 1
E 1390 1397 1
E 1390 1397 1
E 424 1398 0
E 1399 1400 0
E 1400 1401 0
E 1401 1402 0
E 1401 575 1
E 1403 1404 0
E 1405 1406 0
E 1406 1407 0
E 1407 1408 0
E 1408 1409 0
E 425 1410 0
E 574 1411 0
E 1411 1412 0
E 1412 1413 0
E 1413 1414 0
E 1414 1415 0
E 1414 150 1
E 1414 562 1
E 1414 576 1
E 1414 576 1
E 1414 140 1
E 1414 140 1
E 1414 140 1
E 1414 140 1
E 1414 1416 1
E 1414 1417 1
E 1414 1418 1
E 1414 1419 1
E 1414 1420 1
E 1414 1371 1
E 1414 1421 1
E 1414 1422 1
E 1414 1423 1
E 1424 1425 0
E 1425 1426 0
E 1426 1427 0
E 1427 1428 0
E 1428 1429 0
E 1051 1430 0
E 1430 1431 0
E 1432 1433 0
E 1432 363 1
E 1432 733 1
E 1432 405 1
E 1434 1435 0
E 1436 1437 0
E 1437 1438 0
E 1439 1440 0
E 1440 1441 0
E 1441 1442 0
E 1442 1443 0
E 1443 1444 0
E 1445 1446 0
E 1446 1447 0
E 1446 1424 1
E 1446 1424 1
E 1446 1424 1
E 1446 1424 1
E 1446 1424 1
E 1448 1449 0
E 1450 1451 0
E 1449 1452 0
E 1452 1453 0
E 1453 1454 0
E 1454 1455 0
E 1455 1456 0
E 1456 1457 0
E 1457 1458 0
E 1458 1450 0
E 1459 1460 0
E 36 1461 0
E 1461 1462 0
E 1462 1463 0
E 575 1464 0
E 1464 1465 0
E 1465 1466 0
E 1466 1467 0
E 1467 1468 0
E 1468 1469 0
E 1469 1470 0
E 1469 141 1
E 1469 141 1
E 1469 141 1
E 1469 562 1
E 1469 562 1
E 1469 562 1
E 1469 562 1
E 1469 562 1
E 1471 1472 0
E 78 1473 0
E 1348 1474 0
E 1474 1475 0
E 1476 1477 0
E 1478 1479 0
E 6 1480 0
E 1480 1481 0
E 1480 8 1
E 1480 8 1
E 1480 1482 1
E 1480 1483 1
E 1480 1317 1
E 1480 22 1
E 1484 1485 0
E 7 1486 0
E 1487 1488 0
E 1488 1489 0
E 1488 2 1
E 1488 2 1
E 1488 4 1
E 1488 190 1
E 1488 190 1
E 1488 190 1
E 1488 190 1
E 1488 190 1
E 1486 1490 0
E 1490 1491 0
E 1491 1492 0
E 1492 1493 0
E 1493 1494 0
E 1494 1495 0
E 1495 1496 0
E 1496 1487 0
E 426 1497 0
E 1314 1498 0
E 1499 1500 0
E 267 1501 0
E 8 1502 0
E 1503 1504 0
E 1504 1505 0
E 1505 1506 0
E 1506 1507 0
E 1507 1508 0
E 1508 1509 0
E 1509 1510 0
E 1510 1511 0
E 1511 1512 0
E 1511 150 1
E 1511 150 1
E 1511 327 1
E 1511 562 1
E 1511 562 1
E 1511 562 1
E 1511 562 1
E 1511 4 1
E 1511 601 1
E 1511 190 1
E 1511 190 1
E 1511 190 1
E 1511 1308 1
E 1511 1364 1
E 1511 1364 1
E 1511 1364 1
E 1511 1399 1
E 1511 1399 1
E 1511 1399 1
E 1511 575 1
E 1511 575 1
E 1511 575 1
E 1511 575 1
E 1511 1476 1
E 1511 7 1
E 1511 7 1
E 1511 7 1
E 1511 7 1
E 1511 7 1
E 1511 1513 1
E 1511 1513 1
E 1511 1514 1
E 1511 1514 1
E 1511 10 1
E 1511 10 1
E 1511 578 1
E 1511 578 1
E 1511 578 1
E 1511 578 1
E 1511 12 1
E 1511 140 1
E 1511 140 1
E 1511 140 1
E 1511 140 1
E 1511 140 1
E 1511 1416 1
E 1511 1416 1
E 1511 1416 1
E 1511 1416 1
E 1511 1416 1
E 1502 1515 0
E 1515 1516 0
E 1516 1517 0
E 1517 1518 0
E 1518 1519 0
E 1519 1520 0
E 1520 1521 0
E 1521 1503 0
E 1522 1523 0
E 1524 1525 0
E 1526 1527 0
E 1527 1528 0
E 1529 1530 0
E 1530 1531 0
E 9 1532 0
E 1532 1533 0
E 1533 1534 0
E 1534 1535 0
E 1535 1536 0
E 1536 1537 0
E 1537 1538 0
E 1538 1539 0
E 1538 190 1
E 1538 190 1
E 1538 190 1
E 1538 190 1
E 1538 190 1
E 573 1540 0
E 1541 1542 0
E 1542 1543 0
E 1543 1544 0
E 1544 1545 0
E 1545 1546 0
E 1546 1547 0
E 1547 379 0
E 1547 576 1
E 1547 576 1
E 1547 576 1
E 1547 576 1
E 1547 576 1
E 379 1548 0
E 1540 1549 0
E 1549 1550 0
E 1550 1551 0
E 1551 1552 0
E 1552 1553 0
E 1553 1554 0
E 1554 1555 0
E 1555 1541 0
E 1392 1556 0
E 1392 1557 1
E 1392 1134 1
E 1392 80 1
E 1392 80 1
E 1392 80 1
E 1392 80 1
E 1513 1558 0
E 1558 1559 0
E 1558 120 1
E 1558 573 1
E 1558 562 1
E 1558 1308 1
E 1558 1362 1
E 1558 1364 1
E 1558 8 1
E 1558 8 1
E 1558 8 1
E 1558 1560 1
E 1558 12 1
E 1558 12 1
E 1558 140 1
E 1558 13 1
E 1558 1561 1
E 1558 1562 1
E 1558 18 1
E 1558 1563 1
E 1558 1564 1
E 1558 1565 1
E 1558 1566 1
E 1558 1567 1
E 1558 21 1
E 1558 22 1
E 1514 1568 0
E 1568 1569 0
E 1568 562 1
E 1568 190 1
E 1568 1570 1
E 1568 1371 1
E 1568 1371 1
E 576 1571 0
E 1572 1573 0
E 1573 1574 0
E 1574 1575 0
E 1575 1576 0
E 1576 1577 0
E 1577 1578 0
E 1577 573 1
E 1577 573 1
E 1577 573 1
E 1577 573 1
E 1577 573 1
E 1571 1579 0
E 1579 1580 0
E 1580 1581 0
E 1581 1582 0
E 1582 1583 0
E 1583 1584 0
E 1584 1585 0
E 1585 1572 0
E 1586 1587 0
E 1588 1589 0
E 209 1590 0
E 1590 1591 0
E 1591 1592 0
E 1591 195 1
E 1591 202 1
E 1591 360 1
E 1591 550 1
E 1591 1593 1
E 1591 1594 1
E 1591 1595 1
E 1591 1596 1
E 1591 1597 1
E 1591 1598 1
E 1591 1371 1
E 1591 1599 1
E 1591 1600 1
E 1591 1601 1
E 1602 1603 0
E 1604 1605 0
E 1605 1606 0
E 855 1607 0
E 10 1608 0
E 1608 1609 0
E 1609 1610 0
E 1610 1611 0
E 1611 1612 0
E 1612 1613 0
E 1613 1614 0
E 1614 1615 0
E 1614 2 1
E 1614 4 1
E 1614 190 1
E 1614 7 1
E 1614 8 1
E 1614 8 1
E 1614 8 1
E 1614 9 1
E 1614 14 1
E 1614 1616 1
E 1614 1616 1
E 1614 1616 1
E 1614 1617 1
E 1614 1617 1
E 1614 1617 1
E 1614 1618 1
E 1614 323 1
E 1614 1619 1
E 1614 17 1
E 1614 1620 1
E 1614 1621 1
E 1614 1621 1
E 1614 1621 1
E 1614 1622 1
E 1614 752 1
E 1614 752 1
E 1614 1623 1
E 1614 1623 1
E 577 1624 0
E 577 150 1
E 577 150 1
E 577 190 1
E 577 793 1
E 577 578 1
E 577 1625 1
E 577 1626 1
E 577 1627 1
E 577 1628 1
E 577 1629 1
E 577 1371 1
E 577 1371 1
E 577 1371 1
E 577 1630 1
E 577 1483 1
E 427 1631 0
E 1631 1632 0
E 1560 1633 0
E 1560 12 1
E 1482 1634 0
E 428 1635 0
E 1636 1637 0
E 1349 1638 0
E 1639 1640 0
E 1638 1641 0
E 1641 1642 0
E 1642 1643 0
E 1643 1644 0
E 1644 1645 0
E 1645 1646 0
E 1646 1647 0
E 1647 1639 0
E 888 1648 0
E 430 1649 0
E 889 1650 0
E 1650 1651 0
E 1651 1652 0
E 1652 1653 0
E 1654 1655 0
E 1052 1656 0
E 989 1657 0
E 1657 1658 0
E 1658 1659 0
E 1053 1660 0
E 1661 1662 0
E 431 1663 0
E 431 1664 1
E 431 1665 1
E 431 1666 1
E 1054 1667 0
E 1570 1668 0
E 603 1669 0
E 1669 1670 0
E 1670 1671 0
E 1671 1672 0
E 1672 1673 0
E 578 1674 0
E 1675 1676 0
E 1676 1677 0
E 1677 1678 0
E 1678 1679 0
E 1679 1680 0
E 1680 1681 0
E 1681 1682 0
E 1682 1683 0
E 1682 562 1
E 1682 562 1
E 1682 562 1
E 1682 190 1
E 1682 1370 1
E 1682 1370 1
E 1682 1370 1
E 1682 1371 1
E 1682 1371 1
E 1682 1371 1
E 1682 1371 1
E 1682 19 1
E 1674 1684 0
E 1684 1685 0
E 1685 1686 0
E 1686 1687 0
E 1687 1688 0
E 1688 1689 0
E 1689 1690 0
E 1690 1675 0
E 890 1691 0
E 1691 1692 0
E 533 1693 0
E 1694 1695 0
E 891 1696 0
E 1696 1697 0
E 1698 1699 0
E 1055 1700 0
E 1056 1701 0
E 1702 1703 0
E 433 1704 0
E 1704 1705 0
E 1705 1706 0
E 1057 1707 0
E 432 1708 0
E 892 1709 0
E 1058 1710 0
E 1710 1711 0
E 1059 1712 0
E 1712 1713 0
E 1712 1714 1
E 1712 1715 1
E 1060 1716 0
E 1717 1718 0
E 893 1719 0
E 1061 1720 0
E 1062 1721 0
E 1063 1722 0
E 1064 1723 0
E 1065 1724 0
E 1066 1725 0
E 1067 1726 0
E 894 1727 0
E 1727 1728 0
E 1729 1068 0
E 1068 1730 0
E 1069 1731 0
E 1070 1732 0
E 1071 1733 0
E 1072 1734 0
E 1073 1735 0
E 1074 1736 0
E 434 1737 0
E 1737 1738 0
E 435 1739 0
E 436 1740 0
E 1740 1741 0
E 1740 405 1
E 1740 1602 1
E 1740 1085 1
E 1625 1742 0
E 1743 1744 0
E 1744 1745 0
E 1745 1746 0
E 1746 1747 0
E 1747 1748 0
E 1748 1749 0
E 1748 1043 1
E 1748 1750 1
E 1748 1750 1
E 1748 1750 1
E 1748 15 1
E 1748 1751 1
E 1748 1751 1
E 1748 1751 1
E 1748 1751 1
E 1748 1752 1
E 1748 1752 1
E 1748 1752 1
E 1748 1753 1
E 1748 1754 1
E 1748 1018 1
E 1748 1018 1
E 12 1755 0
E 1755 1756 0
E 1756 1757 0
E 1757 1758 0
E 1758 1759 0
E 1760 1761 0
E 1762 1763 0
E 1761 1764 0
E 1764 1765 0
E 1765 1766 0
E 1766 1767 0
E 1767 1768 0
E 1768 1769 0
E 1769 1770 0
E 1770 1762 0
E 1771 1772 0
E 1773 1774 0
E 1774 1775 0
E 1750 1776 0
E 1776 1777 0
E 1777 1778 0
E 1778 1779 0
E 1779 1780 0
E 1779 1743 1
E 1779 1743 1
E 1779 1743 1
E 1779 1750 1
E 1779 1750 1
E 1779 1781 1
E 1779 1781 1
E 1779 1782 1
E 1779 1783 1
E 1779 1784 1
E 1779 1754 1
E 437 1785 0
E 1786 1787 0
E 1787 1788 0
E 1789 1790 0
E 1791 1792 0
E 1793 1794 0
E 140 1795 0
E 1796 1797 0
E 1797 1798 0
E 1798 1799 0
E 1799 1800 0
E 1800 1801 0
E 1801 1802 0
E 1802 1803 0
E 1803 1804 0
E 1804 1805 0
E 1805 1806 0
E 1795 1807 0
E 1806 1808 0
E 1808 1809 0
E 1809 1810 0
E 1810 1811 0
E 1811 1812 0
E 1812 1813 0
E 1813 1814 0
E 1814 1815 0
E 1815 1816 0
E 1816 1817 0
E 1807 1818 0
E 1817 1819 0
E 1817 184 1
E 1817 136 1
E 1817 136 1
E 1817 136 1
E 1817 147 1
E 1817 147 1
E 1817 150 1
E 1817 150 1
E 1817 150 1
E 1817 150 1
E 1817 150 1
E 1819 1820 0
E 1818 1821 0
E 1821 1822 0
E 1822 1823 0
E 1823 1824 0
E 1824 1825 0
E 1825 1796 0
E 1664 1826 0
E 439 1827 0
E 320 438 0
E 438 1828 0
E 1665 1829 0
E 1830 1831 0
E 1832 1833 0
E 441 1834 0
E 1834 1835 0
E 1835 1836 0
E 1837 1838 0
E 1838 1839 0
E 1839 1840 0
E 1840 1841 0
E 440 1842 0
E 1842 1843 0
E 1844 1845 0
E 1416 1846 0
E 1846 1847 0
E 1847 1848 0
E 1848 1849 0
E 1849 1850 0
E 1850 1851 0
E 1850 8 1
E 1850 8 1
E 1850 576 1
E 1850 140 1
E 1850 1417 1
E 1850 1417 1
E 1850 1852 1
E 1850 1852 1
E 1850 1371 1
E 1850 1422 1
E 1850 1622 1
E 1850 22 1
E 1626 442 0
E 442 1853 0
E 1853 1854 0
E 1855 1856 0
E 1857 1858 0
E 1859 1860 0
E 1860 1861 0
E 1861 1862 0
E 1862 1863 0
E 1863 1864 0
E 1865 1866 0
E 1867 1868 0
E 1868 1869 0
E 1869 1870 0
E 1870 1871 0
E 1871 1872 0
E 1872 1873 0
E 268 1874 0
E 1874 1875 0
E 1875 1876 0
E 1876 1877 0
E 1877 1878 0
E 1878 1879 0
E 1879 1880 0
E 1880 1881 0
E 1881 1882 0
E 1881 38 1
E 1881 38 1
E 1881 38 1
E 1881 38 1
E 1881 44 1
E 1881 57 1
E 1881 57 1
E 1881 57 1
E 1881 57 1
E 1881 57 1
E 1883 1884 0
E 1885 1886 0
E 1885 1529 1
E 1885 1529 1
E 1885 1654 1
E 1885 1773 1
E 1417 1887 0
E 1888 1889 0
E 1889 1890 0
E 1890 1891 0
E 1890 562 1
E 1890 562 1
E 1887 1892 0
E 1892 1893 0
E 1893 1894 0
E 1894 1895 0
E 1895 1896 0
E 1896 1897 0
E 1897 1898 0
E 1898 1888 0
E 13 1899 0
E 1899 1900 0
E 1900 1901 0
E 1593 1902 0
E 1902 1903 0
E 1903 1904 0
E 1627 1905 0
E 1906 1907 0
E 1907 1908 0
E 1907 593 1
E 1907 593 1
E 1907 593 1
E 1907 624 1
E 1907 624 1
E 1907 624 1
E 1907 624 1
E 1907 624 1
E 1907 768 1
E 1907 741 1
E 1907 741 1
E 1907 741 1
E 1907 1236 1
E 1907 1260 1
E 1907 1260 1
E 1907 194 1
E 1907 194 1
E 1907 1436 1
E 1907 1448 1
E 1907 1448 1
E 1907 1448 1
E 1907 1448 1
E 1907 1448 1
E 443 1909 0
E 1393 1910 0
E 1911 1912 0
E 1911 618 1
E 1911 1715 1
E 1911 1715 1
E 1911 1715 1
E 1394 1913 0
E 1913 1914 0
E 1914 1915 0
E 1916 1917 0
E 1917 1918 0
E 1918 1919 0
E 895 1920 0
E 1921 1922 0
E 1368 1923 0
E 1924 1925 0
E 1925 1926 0
E 37 1927 0
E 1927 1928 0
E 1928 1929 0
E 1929 1930 0
E 1930 1931 0
E 1930 1499 1
E 1930 1932 1
E 1930 762 1
E 1930 762 1
E 1930 1933 1
E 1395 1934 0
E 1934 1935 0
E 1418 1936 0
E 1936 1937 0
E 1936 115 1
E 1936 184 1
E 1936 150 1
E 1936 150 1
E 1936 150 1
E 1936 150 1
E 1350 1938 0
E 1938 1939 0
E 1938 993 1
E 1938 1349 1
E 1938 1349 1
E 1938 1940 1
E 444 1941 0
E 1075 1942 0
E 1943 1944 0
E 1932 1945 0
E 1932 762 1
E 1946 1947 0
E 762 1948 0
E 1948 1949 0
E 1949 1950 0
E 1950 1951 0
E 1951 1952 0
E 1952 1953 0
E 1953 1954 0
E 1953 43 1
E 1953 85 1
E 1953 89 1
E 1953 93 1
E 1953 93 1
E 1953 93 1
E 1953 93 1
E 1953 93 1
E 1955 1956 0
E 1957 1958 0
E 1959 1960 0
E 1959 190 1
E 1959 190 1
E 1961 1962 0
E 1962 1963 0
E 1963 1964 0
E 1964 1965 0
E 1965 1966 0
E 14 1967 0
E 1967 1968 0
E 1968 1969 0
E 1969 1970 0
E 1970 1971 0
E 1971 1972 0
E 1973 1974 0
E 1975 1976 0
E 1666 1977 0
E 1978 1979 0
E 1616 1980 0
E 1980 1981 0
E 1981 1982 0
E 1983 1984 0
E 763 1985 0
E 1852 1986 0
E 1986 1987 0
E 779 1988 0
E 1988 1989 0
E 1989 1990 0
E 1990 1991 0
E 1991 1992 0
E 1992 1993 0
E 1993 1994 0
E 1994 1995 0
E 1995 1996 0
E 1995 53 1
E 1995 53 1
E 1995 53 1
E 1995 230 1
E 1995 771 1
E 1995 771 1
E 1995 933 1
E 1995 1245 1
E 1995 1245 1
E 1995 1245 1
E 1995 1245 1
E 1995 1245 1
E 1995 1916 1
E 1995 1916 1
E 1995 1973 1
E 1995 1997 1
E 1995 1998 1
E 1995 1999 1
E 1995 2000 1
E 1995 2001 1
E 1995 2001 1
E 1628 2002 0
E 11 429 0
E 11 120 1
E 11 120 1
E 11 184 1
E 11 184 1
E 11 222 1
E 11 547 1
E 11 573 1
E 11 573 1
E 11 573 1
E 11 573 1
E 11 573 1
E 429 2003 0
E 2003 2004 0
E 445 2005 0
E 2005 2006 0
E 2006 2007 0
E 1561 2008 0
E 2009 2010 0
E 2010 2011 0
E 764 2012 0
E 2012 2013 0
E 2013 2014 0
E 2015 2016 0
E 2017 2018 0
E 2018 2019 0
E 2019 2020 0
E 2020 2021 0
E 2021 2022 0
E 2023 2024 0
E 2025 2026 0
E 2027 2028 0
E 765 2029 0
E 2029 2030 0
E 2030 2031 0
E 2031 2032 0
E 2032 2033 0
E 2034 2035 0
E 2036 2037 0
E 2037 2038 0
E 2038 2039 0
E 2039 2040 0
E 2040 2041 0
E 2041 2042 0
E 2042 2043 0
E 2043 2044 0
E 2045 2046 0
E 2047 2048 0
E 2049 2050 0
E 2051 2052 0
E 2053 2054 0
E 2055 2056 0
E 446 2057 0
E 2057 2058 0
E 1396 2059 0
E 2060 2061 0
E 2062 2063 0
E 2064 2065 0
E 2066 2067 0
E 2068 2069 0
E 2070 2071 0
E 2072 2073 0
E 2073 2074 0
E 447 2075 0
E 2076 2077 0
E 2078 2079 0
E 2080 2081 0
E 2081 2082 0
E 2083 2084 0
E 2084 2085 0
E 2085 2086 0
E 2086 2087 0
E 2087 2088 0
E 2089 2090 0
E 2091 2092 0
E 2093 2094 0
E 1397 2095 0
E 2095 2096 0
E 2096 2097 0
E 2097 2098 0
E 2098 2099 0
E 2098 74 1
E 2098 1384 1
E 2098 1384 1
E 2098 1384 1
E 2098 1384 1
E 2098 1384 1
E 2100 2101 0
E 2102 2103 0
E 2104 2105 0
E 2106 2107 0
E 2108 2109 0
E 2110 2111 0
E 1557 2112 0
E 2113 2114 0
E 2114 2115 0
E 1419 2116 0
E 448 2117 0
E 2118 2119 0
E 450 2120 0
E 450 374 1
E 450 375 1
E 450 1118 1
E 450 1118 1
E 2121 2122 0
E 2122 2123 0
E 2123 2124 0
E 2124 2125 0
E 1420 1781 0
E 1420 574 1
E 1420 1417 1
E 1420 1421 1
E 1781 2126 0
E 2126 2127 0
E 2127 2128 0
E 2128 2129 0
E 2129 2130 0
E 1315 2131 0
E 1315 1308 1
E 1315 1308 1
E 1315 1317 1
E 1315 1317 1
E 1315 1317 1
E 1076 2132 0
E 2133 2134 0
E 1109 2135 0
E 2135 2136 0
E 2135 345 1
E 2135 345 1
E 2135 2137 1
E 2135 80 1
E 2135 80 1
E 1997 2138 0
E 1997 1955 1
E 1617 2139 0
E 2139 2140 0
E 2140 2141 0
E 2140 10 1
E 2140 10 1
E 2140 1417 1
E 2140 1417 1
E 2140 1417 1
E 2140 1417 1
E 2140 1417 1
E 1594 2142 0
E 1595 2143 0
E 2143 2144 0
E 1596 2145 0
E 1597 2146 0
E 2147 2148 0
E 2149 2150 0
E 2151 2152 0
E 2153 2154 0
E 2154 2155 0
E 2156 2157 0
E 2158 2159 0
E 321 2160 0
E 1316 2161 0
E 451 2162 0
E 2163 2164 0
E 2164 2165 0
E 15 2166 0
E 2167 2168 0
E 2167 823 1
E 2167 1357 1
E 2167 1382 1
E 2167 1384 1
E 2167 1484 1
E 2167 1743 1
E 2167 268 1
E 2167 1394 1
E 2167 1957 1
E 2167 2163 1
E 2167 2163 1
E 2167 15 1
E 2167 15 1
E 2167 2169 1
E 2167 2169 1
E 2167 2170 1
E 2167 1751 1
E 2167 1751 1
E 2167 1751 1
E 2167 2171 1
E 2167 2172 1
E 2167 2173 1
E 2167 2174 1
E 2167 80 1
E 2167 80 1
E 2167 80 1
E 2167 2175 1
E 2167 2175 1
E 2167 2175 1
E 2166 2176 0
E 2176 2177 0
E 2177 2178 0
E 2178 2179 0
E 2179 2180 0
E 2180 2181 0
E 2181 2182 0
E 2182 2167 0
E 269 2183 0
E 2183 2184 0
E 452 2185 0
E 453 2186 0
E 2187 2188 0
E 454 2189 0
E 2189 2190 0
E 1998 2191 0
E 1999 2192 0
E 455 2193 0
E 2193 2194 0
E 990 2195 0
E 2195 2196 0
E 2196 2197 0
E 2197 2198 0
E 2197 2187 1
E 2197 80 1
E 2199 2200 0
E 2201 2202 0
E 456 2203 0
E 457 2204 0
E 2204 2205 0
E 2206 2207 0
E 2169 2208 0
E 2208 2209 0
E 2210 2211 0
E 2211 2212 0
E 2213 2214 0
E 2215 2216 0
E 2215 2009 1
E 2217 2218 0
E 2218 2219 0
E 2219 2220 0
E 2220 2221 0
E 2220 2036 1
E 2222 2223 0
E 2223 2224 0
E 2224 2225 0
E 2225 2226 0
E 2226 2227 0
E 2228 2229 0
E 2230 2231 0
E 2232 2233 0
E 2234 2235 0
E 2236 2237 0
E 2236 2083 1
E 2236 2083 1
E 2236 2083 1
E 2236 2083 1
E 2238 2239 0
E 2240 2241 0
E 2242 2243 0
E 2243 2244 0
E 2244 2245 0
E 1598 2246 0
E 2247 2248 0
E 2247 405 1
E 2247 406 1
E 2247 414 1
E 2247 1524 1
E 2247 2249 1
E 2247 2250 1
E 2247 2251 1
E 2247 2252 1
E 2247 2253 1
E 2247 2254 1
E 2247 2255 1
E 2247 2256 1
E 2257 2258 0
E 458 2259 0
E 2259 2260 0
E 2261 2262 0
E 2263 2264 0
E 459 2265 0
E 2266 2267 0
E 2000 2268 0
E 322 2269 0
E 2270 2271 0
E 2272 2273 0
E 2273 2274 0
E 2275 2276 0
E 460 2277 0
E 2278 2279 0
E 2280 2281 0
E 2282 2283 0
E 2284 2285 0
E 1351 2286 0
E 2286 2287 0
E 808 2288 0
E 2288 2289 0
E 2290 2291 0
E 2290 1260 1
E 2290 1260 1
E 1714 2292 0
E 2249 2293 0
E 2250 2294 0
E 2294 2295 0
E 2295 2296 0
E 2296 2297 0
E 2297 2298 0
E 2298 2299 0
E 2299 2300 0
E 2301 2302 0
E 270 2303 0
E 2303 2304 0
E 2305 2306 0
E 2307 2308 0
E 2309 2310 0
E 2001 2311 0
E 2311 2312 0
E 2313 2314 0
E 271 2315 0
E 2315 2316 0
E 2317 2318 0
E 1352 2319 0
E 2319 2320 0
E 2319 151 1
E 2319 1819 1
E 2321 2322 0
E 272 2323 0
E 2323 2324 0
E 273 2325 0
E 2325 2326 0
E 274 2327 0
E 2327 2328 0
E 2328 2329 0
E 2329 2330 0
E 2330 2331 0
E 2330 2066 1
E 2332 2333 0
E 2334 2335 0
E 2336 2337 0
E 2338 2339 0
E 2340 2341 0
E 2342 2343 0
E 2344 2345 0
E 2170 2346 0
E 2346 2347 0
E 2347 2348 0
E 2347 405 1
E 2347 1359 1
E 2347 1859 1
E 2347 779 1
E 2347 779 1
E 2347 779 1
E 2347 2332 1
E 2347 2334 1
E 2347 2336 1
E 2347 2338 1
E 2347 2342 1
E 2347 2344 1
E 2347 2349 1
E 991 2350 0
E 2351 2352 0
E 2352 2353 0
E 1782 2354 0
E 1782 2355 1
E 1783 2356 0
E 2356 2357 0
E 2357 2358 0
E 2358 2359 0
E 2358 2360 1
E 461 2361 0
E 2361 2362 0
E 2363 2364 0
E 462 2365 0
E 2365 2366 0
E 2367 2368 0
E 2369 2370 0
E 1629 2371 0
E 1629 2372 1
E 2373 2374 0
E 2374 2375 0
E 1369 2376 0
E 2376 2377 0
E 2376 190 1
E 2376 190 1
E 2376 1364 1
E 2376 1364 1
E 2376 578 1
E 2376 578 1
E 2376 1483 1
E 2376 1483 1
E 2376 1483 1
E 2378 2379 0
E 2379 2380 0
E 2380 2381 0
E 2381 2382 0
E 2383 2384 0
E 2385 2386 0
E 1370 2387 0
E 2387 2388 0
E 2388 2389 0
E 2389 2390 0
E 2389 578 1
E 2389 1371 1
E 2391 2392 0
E 2393 2394 0
E 2394 2395 0
E 2396 2397 0
E 2398 2399 0
E 2399 2400 0
E 2400 2401 0
E 2401 2402 0
E 2401 2403 1
E 2404 2405 0
E 2405 2406 0
E 2406 2407 0
E 2407 2408 0
E 2409 2410 0
E 2410 2411 0
E 2411 2412 0
E 2412 2413 0
E 2413 2414 0
E 2413 1715 1
E 2415 2416 0
E 2416 2417 0
E 2417 2418 0
E 2418 2419 0
E 2419 2420 0
E 2421 2422 0
E 2422 2423 0
E 2423 2424 0
E 2424 2425 0
E 2426 2427 0
E 2428 2429 0
E 2430 2431 0
E 2431 2432 0
E 2432 2433 0
E 2433 2434 0
E 766 2435 0
E 2435 2436 0
E 2436 2437 0
E 2437 2438 0
E 2438 2439 0
E 2439 2440 0
E 2440 2441 0
E 2441 2442 0
E 2442 2443 0
E 449 2444 0
E 2444 2445 0
E 2446 2447 0
E 2448 2449 0
E 896 2450 0
E 2451 2452 0
E 897 2453 0
E 2453 2454 0
E 1371 2455 0
E 2456 2457 0
E 2457 2458 0
E 2458 2459 0
E 2459 2460 0
E 2460 2461 0
E 2461 2462 0
E 2462 2463 0
E 2463 2464 0
E 2464 2465 0
E 2465 2466 0
E 2455 2467 0
E 2466 2468 0
E 2466 190 1
E 2466 574 1
E 2466 576 1
E 2467 2469 0
E 2469 2470 0
E 2470 2471 0
E 2471 2472 0
E 2472 2473 0
E 2473 2474 0
E 2474 2456 0
E 2251 2475 0
E 2475 2476 0
E 2477 2478 0
E 767 2479 0
E 2479 2480 0
E 2480 2481 0
E 2482 2483 0
E 2484 2485 0
E 463 2486 0
E 1618 2487 0
E 2487 2488 0
E 2488 2489 0
E 2488 190 1
E 323 2490 0
E 2490 2491 0
E 2491 2492 0
E 2492 2493 0
E 2492 190 1
E 2492 190 1
E 2492 190 1
E 2492 190 1
E 2492 190 1
E 898 2494 0
E 2494 2495 0
E 2496 2497 0
E 2497 2498 0
E 2498 2499 0
E 2499 2500 0
E 2500 2501 0
E 2502 2503 0
E 2503 2504 0
E 2503 189 1
E 2503 363 1
E 2503 363 1
E 2503 363 1
E 2503 604 1
E 2503 641 1
E 2503 643 1
E 2503 645 1
E 2503 702 1
E 2503 704 1
E 2503 706 1
E 899 2505 0
E 324 2506 0
E 325 2507 0
E 1940 2508 0
E 1940 741 1
E 1940 1349 1
E 464 2509 0
E 2509 2510 0
E 2511 2512 0
E 2512 2513 0
E 2513 2514 0
E 2514 2515 0
E 2516 2517 0
E 2252 2518 0
E 2518 2519 0
E 2519 2520 0
E 2520 2521 0
E 2521 2522 0
E 2522 2523 0
E 2523 2524 0
E 2524 2525 0
E 2525 2526 0
E 2527 2528 0
E 2527 2351 1
E 466 2529 0
E 2529 2530 0
E 2530 2531 0
E 2531 2532 0
E 2532 2533 0
E 2534 2535 0
E 2535 2536 0
E 2537 2538 0
E 2539 2540 0
E 2539 599 1
E 2539 1138 1
E 2539 1138 1
E 2539 1256 1
E 2539 1256 1
E 2539 1260 1
E 2539 1260 1
E 2539 1260 1
E 2539 1260 1
E 2539 1260 1
E 467 2541 0
E 2541 2542 0
E 2542 2543 0
E 2543 2544 0
E 1562 2545 0
E 2253 2546 0
E 2546 2547 0
E 2547 2548 0
E 2548 2549 0
E 2549 2550 0
E 2550 2551 0
E 2550 1978 1
E 2550 2250 1
E 2550 2313 1
E 2550 2435 1
E 2550 2435 1
E 2550 2435 1
E 2550 2451 1
E 2550 2251 1
E 2550 2477 1
E 2550 2254 1
E 2550 2552 1
E 2550 2552 1
E 2550 2552 1
E 2550 2553 1
E 2550 2554 1
E 2555 2556 0
E 2557 2558 0
E 1751 2559 0
E 2559 2560 0
E 2560 2561 0
E 2561 2562 0
E 2562 2563 0
E 2563 2564 0
E 2564 2565 0
E 2565 2566 0
E 2565 227 1
E 2565 227 1
E 2565 2170 1
E 2565 2170 1
E 2565 2567 1
E 2565 1018 1
E 2565 1018 1
E 2565 1018 1
E 2565 1018 1
E 2565 1018 1
E 2568 2569 0
E 468 2570 0
E 2570 2571 0
E 469 2572 0
E 2572 2573 0
E 2573 2574 0
E 2574 2575 0
E 1630 2576 0
E 470 2577 0
E 2577 2578 0
E 2579 2580 0
E 2580 2581 0
E 2581 2582 0
E 471 2583 0
E 2583 2584 0
E 2585 2586 0
E 2586 2587 0
E 2587 2588 0
E 2588 2589 0
E 2589 2590 0
E 2590 2591 0
E 2591 2592 0
E 2593 2594 0
E 472 2595 0
E 2595 2596 0
E 2597 2598 0
E 473 2599 0
E 2600 2601 0
E 2601 2602 0
E 474 2603 0
E 2603 2604 0
E 2604 2605 0
E 2606 2607 0
E 2607 2608 0
E 2609 2610 0
E 2610 2611 0
E 2611 2612 0
E 2612 2613 0
E 2612 230 1
E 2612 235 1
E 2612 275 1
E 2612 302 1
E 2612 336 1
E 2612 733 1
E 2612 1138 1
E 2612 741 1
E 2612 1256 1
E 2612 1260 1
E 2612 194 1
E 2612 1278 1
E 2612 1280 1
E 2612 1288 1
E 2612 1448 1
E 2612 1459 1
E 2612 1478 1
E 2612 1059 1
E 2612 1760 1
E 2612 1760 1
E 2612 1771 1
E 2612 1789 1
E 2612 1791 1
E 2612 1793 1
E 2612 441 1
E 2612 1867 1
E 2612 1906 1
E 2612 1921 1
E 2612 1946 1
E 2612 2012 1
E 2612 2015 1
E 2612 2017 1
E 2612 2023 1
E 2612 2025 1
E 2612 2030 1
E 2612 2034 1
E 2612 2036 1
E 2612 2045 1
E 2612 2047 1
E 2612 2049 1
E 2612 2051 1
E 2612 2055 1
E 2612 2060 1
E 2612 2062 1
E 2612 2064 1
E 2612 2070 1
E 2612 2072 1
E 2612 2076 1
E 2612 2078 1
E 2612 2080 1
E 2612 2083 1
E 2612 2089 1
E 2612 2091 1
E 2612 2093 1
E 2612 2100 1
E 2612 2102 1
E 2612 2104 1
E 2612 2106 1
E 2612 2108 1
E 2612 2110 1
E 2612 2113 1
E 2612 2156 1
E 2612 2206 1
E 2612 2210 1
E 2612 2213 1
E 2612 2215 1
E 2612 2222 1
E 2612 2228 1
E 2612 2230 1
E 2612 2232 1
E 2612 2234 1
E 2612 2238 1
E 2612 2240 1
E 2612 2247 1
E 2612 2257 1
E 2612 2261 1
E 2612 2263 1
E 2612 2266 1
E 2612 2270 1
E 2612 2275 1
E 2612 2278 1
E 2612 2280 1
E 2612 2282 1
E 2612 2284 1
E 2612 2290 1
E 2612 2250 1
E 2612 2301 1
E 2612 2305 1
E 2612 2307 1
E 2612 2317 1
E 2612 2321 1
E 2612 2363 1
E 2612 2367 1
E 2612 2385 1
E 2612 2426 1
E 2612 2428 1
E 2612 2435 1
E 2612 2448 1
E 2612 2479 1
E 2612 2484 1
E 2612 2252 1
E 2612 2516 1
E 2612 2527 1
E 2612 2534 1
E 2612 2537 1
E 2612 2539 1
E 2612 2253 1
E 2612 2555 1
E 2612 2585 1
E 2612 2593 1
E 2612 2614 1
E 2612 2615 1
E 2612 2616 1
E 2612 2617 1
E 2612 2618 1
E 2612 2619 1
E 2612 2620 1
E 2612 2621 1
E 2612 2622 1
E 2612 2623 1
E 2612 2624 1
E 2612 2625 1
E 2612 2626 1
E 2612 2627 1
E 2612 2628 1
E 2612 2629 1
E 2612 2630 1
E 2612 2631 1
E 2612 2632 1
E 2612 2633 1
E 2612 2634 1
E 2612 2635 1
E 2612 2636 1
E 2612 2637 1
E 2612 2638 1
E 2612 2639 1
E 2612 2640 1
E 2612 2641 1
E 2612 2642 1
E 2612 2643 1
E 2612 2644 1
E 2612 2645 1
E 2612 2646 1
E 2612 2647 1
E 2612 2648 1
E 2612 2649 1
E 2612 2650 1
E 2612 2651 1
E 2612 2652 1
E 2612 2653 1
E 2612 2654 1
E 2612 2655 1
E 2612 2656 1
E 2612 2657 1
E 2612 2658 1
E 2612 2659 1
E 2612 2660 1
E 2612 2661 1
E 2612 2662 1
E 2612 2663 1
E 2612 2664 1
E 2612 2665 1
E 2612 2666 1
E 2612 2667 1
E 2612 2668 1
E 2612 2669 1
E 2612 2670 1
E 2612 2671 1
E 2612 1017 1
E 2612 2672 1
E 2612 2673 1
E 2612 2674 1
E 2612 2675 1
E 2612 2676 1
E 2612 2677 1
E 2612 2678 1
E 2612 2679 1
E 2612 2680 1
E 2612 2681 1
E 2612 2682 1
E 2612 2683 1
E 2612 2684 1
E 2612 2685 1
E 2612 2256 1
E 2612 2686 1
E 2612 2687 1
E 2612 1102 1
E 2614 2688 0
E 475 2689 0
E 2689 2690 0
E 476 2691 0
E 2691 2692 0
E 477 2693 0
E 2693 2694 0
E 478 2695 0
E 2695 2696 0
E 2697 2698 0
E 2615 2699 0
E 2699 2700 0
E 2700 2701 0
E 2701 2702 0
E 2702 2703 0
E 479 2704 0
E 480 2705 0
E 2705 2706 0
E 2705 1367 1
E 481 2707 0
E 2707 2708 0
E 482 2709 0
E 2709 2710 0
E 2711 2712 0
E 2713 2714 0
E 483 2715 0
E 1285 2716 0
E 484 2717 0
E 2717 2718 0
E 2718 2719 0
E 2719 2720 0
E 2720 2721 0
E 1286 2722 0
E 2723 2724 0
E 2724 2725 0
E 485 2726 0
E 2726 2727 0
E 2616 2728 0
E 2617 2729 0
E 486 2730 0
E 2731 2732 0
E 2732 2733 0
E 2730 2734 0
E 2734 2735 0
E 2735 2736 0
E 2736 2737 0
E 2737 2738 0
E 2738 2739 0
E 2739 2740 0
E 2740 2731 0
E 487 2741 0
E 2741 2742 0
E 2742 2743 0
E 2743 2744 0
E 2744 2745 0
E 2745 2746 0
E 2746 2747 0
E 2747 2748 0
E 2748 2749 0
E 488 2750 0
E 2750 2751 0
E 2750 363 1
E 2752 2753 0
E 2753 2754 0
E 2753 1924 1
E 2755 2756 0
E 2756 2757 0
E 2758 2759 0
E 2760 2761 0
E 2761 2762 0
E 2762 2763 0
E 2764 2765 0
E 2765 2766 0
E 2765 1924 1
E 2767 2768 0
E 2769 2770 0
E 2771 2772 0
E 2773 2774 0
E 2775 2776 0
E 2776 2777 0
E 489 2778 0
E 2778 2779 0
E 2780 2781 0
E 2618 2782 0
E 225 490 0
E 490 2783 0
E 2783 2784 0
E 2784 2785 0
E 2785 2786 0
E 2786 2787 0
E 491 2788 0
E 2619 2789 0
E 492 2790 0
E 2790 2791 0
E 2790 1975 1
E 2790 492 1
E 900 2792 0
E 493 2793 0
E 2794 2795 0
E 16 2796 0
E 16 573 1
E 16 576 1
E 16 576 1
E 16 1371 1
E 16 1423 1
E 1619 2797 0
E 2797 2798 0
E 17 2799 0
E 2799 2800 0
E 2800 2801 0
E 2801 2802 0
E 2802 2803 0
E 2803 2804 0
E 2804 2805 0
E 326 2806 0
E 18 2807 0
E 2807 2808 0
E 2808 2809 0
E 2809 2810 0
E 2809 8 1
E 2809 22 1
E 19 2811 0
E 2811 2812 0
E 1563 2813 0
E 494 2814 0
E 2620 2815 0
E 2621 2816 0
E 2816 2817 0
E 2817 2818 0
E 2818 2819 0
E 2622 2820 0
E 2623 2821 0
E 2624 2822 0
E 2823 2824 0
E 2825 2826 0
E 2625 2827 0
E 2625 2242 1
E 2625 2242 1
E 2626 2828 0
E 2627 2829 0
E 2627 1448 1
E 2627 1448 1
E 2627 1448 1
E 2627 2242 1
E 2628 2830 0
E 2628 1448 1
E 2629 2831 0
E 2630 2832 0
E 2631 2833 0
E 2632 2834 0
E 2633 2835 0
E 2634 2836 0
E 2635 2837 0
E 2636 2838 0
E 2637 2839 0
E 2638 2840 0
E 2639 2841 0
E 2842 2843 0
E 2640 2844 0
E 2641 2845 0
E 2642 2846 0
E 2642 1349 1
E 2642 1349 1
E 2642 1349 1
E 2642 1349 1
E 2642 2121 1
E 2642 2121 1
E 2642 2121 1
E 2642 2121 1
E 2642 2250 1
E 2642 2250 1
E 2642 2250 1
E 2642 2250 1
E 2642 2373 1
E 2642 2373 1
E 2642 2393 1
E 2642 2393 1
E 2642 2421 1
E 2642 2421 1
E 2642 2421 1
E 2642 2421 1
E 2642 2430 1
E 2642 2430 1
E 2642 2430 1
E 2642 2430 1
E 2642 2435 1
E 2642 2435 1
E 2642 2435 1
E 2642 2435 1
E 2642 2482 1
E 2642 2253 1
E 2642 2253 1
E 2642 2253 1
E 2642 2253 1
E 2642 2621 1
E 2642 2621 1
E 2642 2621 1
E 2642 2652 1
E 2642 2847 1
E 2642 2847 1
E 2642 2847 1
E 2642 2847 1
E 2642 2254 1
E 2642 2254 1
E 2642 2254 1
E 2642 2254 1
E 2642 2848 1
E 2642 2848 1
E 2642 2848 1
E 2642 2848 1
E 2642 2849 1
E 2642 2849 1
E 2642 2849 1
E 2642 2849 1
E 2643 2850 0
E 2644 2851 0
E 2644 2036 1
E 2644 2036 1
E 2644 2236 1
E 2644 2369 1
E 2644 2415 1
E 2644 2415 1
E 2644 2415 1
E 2644 2415 1
E 2644 2415 1
E 2645 2852 0
E 2646 2853 0
E 2647 2854 0
E 2648 2855 0
E 2648 2009 1
E 2648 2012 1
E 2648 2030 1
E 2648 2072 1
E 2648 2113 1
E 215 2856 0
E 2856 2857 0
E 2649 2858 0
E 2650 2859 0
E 2651 2860 0
E 2652 2861 0
E 2861 2862 0
E 2863 2864 0
E 2864 2865 0
E 2865 2866 0
E 2866 2867 0
E 2867 2868 0
E 2868 2869 0
E 2869 2870 0
E 2869 44 1
E 2869 624 1
E 2869 784 1
E 2869 385 1
E 2869 385 1
E 2869 1121 1
E 2869 1128 1
E 2869 1136 1
E 2869 1236 1
E 2869 1288 1
E 2869 1588 1
E 2869 1867 1
E 2869 2053 1
E 2869 2118 1
E 2869 2199 1
E 2869 2496 1
E 2869 2597 1
E 2869 2713 1
E 2869 486 1
E 2869 2794 1
E 2869 901 1
E 2869 901 1
E 2869 1077 1
E 2869 1077 1
E 2869 1077 1
E 2869 1077 1
E 2869 2871 1
E 2869 2871 1
E 2869 2871 1
E 2869 2871 1
E 2869 2872 1
E 2869 2872 1
E 2869 2873 1
E 2869 2874 1
E 2869 2874 1
E 2869 2874 1
E 2869 2875 1
E 2869 1134 1
E 2869 1134 1
E 2869 1134 1
E 2869 1134 1
E 2869 2665 1
E 2869 2876 1
E 2869 2876 1
E 2869 2876 1
E 2869 2876 1
E 2869 2876 1
E 901 2877 0
E 2877 2878 0
E 2878 2879 0
E 2879 2880 0
E 2880 2881 0
E 2881 2882 0
E 2883 2884 0
E 2884 2885 0
E 2884 2874 1
E 2884 2886 1
E 2884 1017 1
E 2884 1017 1
E 2884 1017 1
E 2884 218 1
E 1077 2887 0
E 2887 2888 0
E 2888 2889 0
E 2889 2890 0
E 2890 2891 0
E 2891 2892 0
E 2892 2893 0
E 2893 2894 0
E 2894 2895 0
E 2896 2897 0
E 2897 2898 0
E 293 2899 0
E 2899 2900 0
E 2900 2901 0
E 2901 2902 0
E 2902 2903 0
E 2903 2904 0
E 2903 240 1
E 2903 240 1
E 2903 250 1
E 2903 250 1
E 2903 256 1
E 2903 256 1
E 2903 275 1
E 2903 275 1
E 2903 282 1
E 2903 282 1
E 2903 289 1
E 2903 289 1
E 2903 302 1
E 2903 302 1
E 2903 310 1
E 2903 310 1
E 2903 329 1
E 2903 329 1
E 2903 336 1
E 2903 336 1
E 2903 336 1
E 2903 345 1
E 2903 345 1
E 2903 265 1
E 2903 265 1
E 2903 526 1
E 2903 526 1
E 2903 534 1
E 2903 534 1
E 2903 538 1
E 2903 538 1
E 2903 787 1
E 2903 810 1
E 2903 812 1
E 2903 812 1
E 2903 831 1
E 2903 831 1
E 2903 837 1
E 2903 837 1
E 2903 840 1
E 2903 840 1
E 2903 846 1
E 2903 846 1
E 2903 850 1
E 2903 850 1
E 2903 858 1
E 2903 858 1
E 2903 862 1
E 2903 862 1
E 2903 867 1
E 2903 867 1
E 2903 870 1
E 2903 870 1
E 2903 877 1
E 2903 877 1
E 2903 908 1
E 2903 908 1
E 2903 292 1
E 2903 292 1
E 2903 881 1
E 2903 881 1
E 2903 923 1
E 2903 923 1
E 2903 927 1
E 2903 927 1
E 2903 933 1
E 2903 933 1
E 2903 882 1
E 2903 882 1
E 2903 944 1
E 2903 944 1
E 2903 947 1
E 2903 947 1
E 2903 950 1
E 2903 950 1
E 2903 883 1
E 2903 883 1
E 2903 618 1
E 2903 618 1
E 2903 532 1
E 2903 532 1
E 2903 979 1
E 2903 979 1
E 2903 982 1
E 2903 982 1
E 2903 986 1
E 2903 986 1
E 2903 996 1
E 2903 996 1
E 2903 1005 1
E 2903 1005 1
E 2903 1012 1
E 2903 1012 1
E 2903 885 1
E 2903 885 1
E 2903 886 1
E 2903 886 1
E 2903 1033 1
E 2903 1033 1
E 2903 1043 1
E 2903 1043 1
E 2903 1048 1
E 2903 1048 1
E 2903 1107 1
E 2903 1110 1
E 2903 1110 1
E 2903 405 1
E 2903 2201 1
E 2903 484 1
E 2903 484 1
E 2903 487 1
E 2903 2863 1
E 2903 2863 1
E 2903 901 1
E 2903 901 1
E 2903 2883 1
E 2903 1077 1
E 2903 1077 1
E 2903 1077 1
E 2903 1077 1
E 2903 902 1
E 2903 902 1
E 2903 2905 1
E 2903 903 1
E 2903 903 1
E 2903 1023 1
E 2903 1023 1
E 2903 1023 1
E 2903 1023 1
E 2903 2906 1
E 2903 2906 1
E 2903 783 1
E 2903 783 1
E 2903 2907 1
E 2903 2908 1
E 2903 2908 1
E 2903 1078 1
E 2903 1078 1
E 2903 2872 1
E 2903 2872 1
E 2903 1079 1
E 2903 1079 1
E 2903 1080 1
E 2903 1080 1
E 2903 2909 1
E 2903 1081 1
E 2903 1081 1
E 2903 1082 1
E 2903 1082 1
E 2903 2910 1
E 2903 2911 1
E 2903 2911 1
E 2903 1083 1
E 2903 1083 1
E 2903 1084 1
E 2903 1084 1
E 2903 1085 1
E 2903 1085 1
E 2903 1085 1
E 2903 501 1
E 2903 501 1
E 2903 2912 1
E 2903 1024 1
E 2903 1024 1
E 2903 1087 1
E 2903 1087 1
E 2903 1088 1
E 2903 1088 1
E 2903 1017 1
E 2903 1017 1
E 2903 1017 1
E 2903 2913 1
E 2903 2913 1
E 2903 1089 1
E 2903 1089 1
E 2903 2914 1
E 2903 505 1
E 2903 505 1
E 2903 2915 1
E 2903 2915 1
E 2903 1090 1
E 2903 1090 1
E 2903 2916 1
E 2903 2916 1
E 2903 2917 1
E 2903 2918 1
E 2903 2919 1
E 2903 2920 1
E 2903 2921 1
E 2903 2921 1
E 2903 2403 1
E 2903 2403 1
E 2903 2403 1
E 2903 2403 1
E 2903 2403 1
E 2903 2922 1
E 2903 2923 1
E 2903 1091 1
E 2903 1091 1
E 2903 80 1
E 2903 80 1
E 2903 1092 1
E 2903 1092 1
E 2903 1092 1
E 2903 2924 1
E 2903 2925 1
E 2903 2925 1
E 2903 1093 1
E 2903 1093 1
E 2903 2926 1
E 2903 2926 1
E 2903 2926 1
E 2903 1094 1
E 2903 1094 1
E 2903 2927 1
E 2903 2686 1
E 2903 2686 1
E 2903 1095 1
E 2903 1095 1
E 2903 1096 1
E 2903 1096 1
E 2903 1097 1
E 2903 1097 1
E 2903 1018 1
E 2903 2928 1
E 2903 2928 1
E 2903 1098 1
E 2903 1098 1
E 2903 1102 1
E 2903 1102 1
E 902 2929 0
E 2929 2930 0
E 2930 2931 0
E 2931 2932 0
E 465 2933 0
E 2905 2934 0
E 2905 404 1
E 2905 404 1
E 2905 404 1
E 2935 2936 0
E 2936 2937 0
E 2936 63 1
E 2936 72 1
E 2936 81 1
E 2936 83 1
E 2936 87 1
E 2936 91 1
E 2936 111 1
E 2936 113 1
E 2936 116 1
E 2936 118 1
E 2936 124 1
E 2936 126 1
E 2936 128 1
E 2936 130 1
E 2936 130 1
E 2936 192 1
E 2936 624 1
E 2936 768 1
E 2936 392 1
E 2936 392 1
E 2936 741 1
E 2936 1236 1
E 2936 194 1
E 2936 1434 1
E 2936 1906 1
E 2936 2252 1
E 2936 2252 1
E 2936 2557 1
E 2936 2842 1
E 2936 215 1
E 2936 2938 1
E 2936 2939 1
E 2936 2940 1
E 2936 2941 1
E 2936 2942 1
E 2936 2942 1
E 2936 2876 1
E 2936 2943 1
E 2936 217 1
E 2936 2944 1
E 2936 1287 1
E 2936 2945 1
E 2936 219 1
E 2936 221 1
E 2936 221 1
E 2936 221 1
E 2936 221 1
E 903 2946 0
E 2946 2947 0
E 2947 2948 0
E 2948 2949 0
E 2847 2950 0
E 2950 2951 0
E 2951 2952 0
E 2952 2953 0
E 2952 624 1
E 2952 2496 1
E 2952 2875 1
E 2653 2954 0
E 2653 624 1
E 2653 823 1
E 2653 1121 1
E 2653 1121 1
E 2653 405 1
E 2653 405 1
E 2653 406 1
E 2653 406 1
E 2653 1234 1
E 2653 1291 1
E 2653 1291 1
E 2653 1291 1
E 2653 1318 1
E 2653 1318 1
E 2653 1318 1
E 2653 1318 1
E 2653 1436 1
E 2653 1439 1
E 2653 1439 1
E 2653 1439 1
E 2653 1439 1
E 2653 1439 1
E 2653 1522 1
E 2653 427 1
E 2653 445 1
E 2653 445 1
E 2653 2496 1
E 2653 2568 1
E 2653 2600 1
E 2653 2600 1
E 2653 2606 1
E 2653 2606 1
E 2653 2723 1
E 2653 2723 1
E 2653 486 1
E 2653 486 1
E 2653 486 1
E 2653 486 1
E 2653 486 1
E 1353 2955 0
E 2955 2956 0
E 1023 2957 0
E 2957 2958 0
E 2958 2959 0
E 2959 2960 0
E 2960 2961 0
E 2961 2962 0
E 2906 2963 0
E 2963 2964 0
E 2965 2966 0
E 2965 639 1
E 2965 709 1
E 2965 741 1
E 2938 2967 0
E 2967 2968 0
E 2968 2969 0
E 2939 2970 0
E 2137 2971 0
E 2137 2351 1
E 2654 2972 0
E 2972 2973 0
E 2973 2974 0
E 2974 2975 0
E 2975 2976 0
E 2976 2977 0
E 2976 2654 1
E 2655 2978 0
E 2656 2979 0
E 2657 2980 0
E 2657 68 1
E 2657 68 1
E 2657 68 1
E 2657 103 1
E 2657 103 1
E 2657 103 1
E 2657 103 1
E 2657 405 1
E 2657 405 1
E 2657 405 1
E 2657 405 1
E 2657 405 1
E 2657 1338 1
E 2657 1338 1
E 2657 1338 1
E 2657 1338 1
E 2657 1343 1
E 2657 1405 1
E 2657 1405 1
E 2657 1405 1
E 2657 1405 1
E 2657 1760 1
E 2657 1760 1
E 2657 1760 1
E 2657 1760 1
E 2657 441 1
E 2657 1837 1
E 2657 1837 1
E 2657 1837 1
E 2657 1837 1
E 2657 1857 1
E 2657 1859 1
E 2657 1859 1
E 2657 1859 1
E 2657 1859 1
E 2657 1867 1
E 2657 1867 1
E 2657 1867 1
E 2657 1867 1
E 2657 1961 1
E 2657 1961 1
E 2657 1961 1
E 2657 1961 1
E 2657 1961 1
E 2657 2017 1
E 2657 2017 1
E 2657 2017 1
E 2657 2017 1
E 2657 2030 1
E 2657 2036 1
E 2657 2036 1
E 2657 2036 1
E 2657 2036 1
E 2657 2210 1
E 2657 2217 1
E 2657 2217 1
E 2657 2217 1
E 2657 2217 1
E 2657 2222 1
E 2657 2222 1
E 2657 2222 1
E 2657 2222 1
E 2657 2378 1
E 2657 2378 1
E 2657 2378 1
E 2657 2378 1
E 2657 2479 1
E 2657 2511 1
E 2657 2511 1
E 2657 2511 1
E 2657 2511 1
E 2657 2579 1
E 2657 2579 1
E 2657 2579 1
E 2657 2585 1
E 2657 2585 1
E 2657 2585 1
E 2657 2585 1
E 2657 2615 1
E 2657 2615 1
E 2657 2615 1
E 2657 2615 1
E 2657 2823 1
E 2657 2825 1
E 2657 2654 1
E 2657 2654 1
E 2657 2654 1
E 2657 2654 1
E 2657 2981 1
E 2657 2981 1
E 2657 2981 1
E 2657 2981 1
E 2657 2659 1
E 2657 2982 1
E 2657 2982 1
E 2657 2982 1
E 2657 2982 1
E 2657 2873 1
E 2657 2873 1
E 2657 2873 1
E 2657 2983 1
E 2657 2983 1
E 2657 2983 1
E 2657 2983 1
E 2657 2552 1
E 2657 2552 1
E 2657 2552 1
E 2657 2984 1
E 2657 2984 1
E 2657 2984 1
E 2657 2985 1
E 2657 1354 1
E 2657 1354 1
E 2657 1354 1
E 2657 1354 1
E 2657 2986 1
E 2657 2986 1
E 2657 2986 1
E 2657 2986 1
E 2657 2987 1
E 2657 2987 1
E 2657 2987 1
E 2657 2682 1
E 2657 2682 1
E 2657 2682 1
E 2657 2682 1
E 2657 2255 1
E 2657 2255 1
E 2657 2255 1
E 2657 2685 1
E 2657 2685 1
E 2657 2685 1
E 2657 2685 1
E 2657 2988 1
E 2657 2988 1
E 2657 2988 1
E 2657 2687 1
E 2657 2687 1
E 2657 2687 1
E 2657 2687 1
E 2349 2989 0
E 2940 2990 0
E 2658 2991 0
E 2981 2992 0
E 2992 2993 0
E 2993 2994 0
E 2994 2995 0
E 783 2996 0
E 2996 2997 0
E 2997 2998 0
E 2998 2999 0
E 2999 3000 0
E 2659 3001 0
E 3001 3002 0
E 2907 3003 0
E 3003 3004 0
E 2660 3005 0
E 2254 3006 0
E 3006 3007 0
E 3007 3008 0
E 3008 3009 0
E 3009 3010 0
E 3010 3011 0
E 2908 3012 0
E 3012 3013 0
E 3012 256 1
E 3012 265 1
E 3012 268 1
E 3012 268 1
E 3012 293 1
E 3012 2907 1
E 3012 1080 1
E 3012 1080 1
E 3012 1085 1
E 3012 1018 1
E 1483 3014 0
E 3014 3015 0
E 3015 3016 0
E 3016 3017 0
E 3017 1752 0
E 3017 1959 1
E 1752 3018 0
E 3018 3019 0
E 3019 3020 0
E 2661 3021 0
E 2662 3022 0
E 2663 3023 0
E 2664 3024 0
E 2982 3025 0
E 3025 3026 0
E 3026 3027 0
E 3027 3028 0
E 904 3029 0
E 905 3030 0
E 216 3031 0
E 1753 3032 0
E 1753 611 1
E 1753 611 1
E 1753 611 1
E 1753 611 1
E 1753 611 1
E 2871 3033 0
E 3033 3034 0
E 3034 3035 0
E 3035 3036 0
E 3035 212 1
E 3035 212 1
E 3035 363 1
E 3035 363 1
E 3035 363 1
E 3035 608 1
E 3035 608 1
E 3035 622 1
E 3035 697 1
E 3035 697 1
E 3035 697 1
E 3035 697 1
E 3035 789 1
E 3035 789 1
E 3035 385 1
E 3035 385 1
E 3035 801 1
E 3035 801 1
E 3035 801 1
E 3035 820 1
E 3035 820 1
E 3035 292 1
E 3035 292 1
E 3035 398 1
E 3035 1041 1
E 3035 404 1
E 3035 405 1
E 3035 405 1
E 3035 405 1
E 3035 406 1
E 3035 406 1
E 3035 406 1
E 3035 1196 1
E 3035 1228 1
E 3035 1228 1
E 3035 417 1
E 3035 417 1
E 3035 1291 1
E 3035 1291 1
E 3035 1297 1
E 3035 1297 1
E 3035 1318 1
E 3035 1318 1
E 3035 1445 1
E 3035 1445 1
E 3035 1526 1
E 3035 1526 1
E 3035 1786 1
E 3035 1786 1
E 3035 268 1
E 3035 2272 1
E 3035 2272 1
E 3035 2502 1
E 3035 2502 1
E 3035 467 1
E 3035 467 1
E 3035 486 1
E 3035 486 1
E 3035 487 1
E 3035 487 1
E 3035 487 1
E 3035 490 1
E 3035 490 1
E 3035 490 1
E 3035 2863 1
E 3035 2863 1
E 3035 293 1
E 3035 293 1
E 3035 1134 1
E 3035 1134 1
E 3035 1134 1
E 3035 1134 1
E 3035 1134 1
E 495 3037 0
E 1078 3038 0
E 3038 3039 0
E 3039 3040 0
E 2873 3041 0
E 3041 3042 0
E 3042 3043 0
E 3043 3044 0
E 2872 3045 0
E 3045 3046 0
E 3046 3047 0
E 3047 3048 0
E 2874 3049 0
E 3049 3050 0
E 3050 3051 0
E 3051 3052 0
E 3051 1134 1
E 3051 1134 1
E 906 3053 0
E 907 3054 0
E 2983 3055 0
E 3055 3056 0
E 3056 3057 0
E 3057 3058 0
E 1079 3059 0
E 3059 3060 0
E 3060 3061 0
E 3061 3062 0
E 3062 3063 0
E 3063 3064 0
E 2875 3065 0
E 3065 3066 0
E 3066 3067 0
E 3067 3068 0
E 3068 3069 0
E 3069 3070 0
E 3069 624 1
E 3069 624 1
E 3069 709 1
E 3069 709 1
E 3069 709 1
E 3069 716 1
E 3069 716 1
E 3069 716 1
E 3069 716 1
E 3069 729 1
E 3069 729 1
E 3069 383 1
E 3069 383 1
E 3069 741 1
E 3069 741 1
E 3069 1228 1
E 3069 1228 1
E 3069 413 1
E 3069 413 1
E 3069 1335 1
E 3069 1335 1
E 3069 1403 1
E 3069 2252 1
E 3069 2252 1
E 3069 466 1
E 3069 466 1
E 3069 466 1
E 3069 469 1
E 3069 469 1
E 3069 487 1
E 3069 487 1
E 3069 487 1
E 3069 2965 1
E 3069 1079 1
E 3069 1079 1
E 3069 1134 1
E 3069 1134 1
E 3069 1134 1
E 3069 1134 1
E 3069 1134 1
E 2941 3071 0
E 1134 3072 0
E 3073 3074 0
E 3074 3075 0
E 3075 3076 0
E 3076 3077 0
E 3077 3078 0
E 3078 3079 0
E 3079 3080 0
E 3080 3081 0
E 3081 3082 0
E 3082 3083 0
E 3072 3084 0
E 3083 3085 0
E 3085 3086 0
E 3086 3087 0
E 3087 3088 0
E 3084 3089 0
E 3089 3090 0
E 3090 3091 0
E 3091 3092 0
E 3092 3093 0
E 3093 3094 0
E 3094 3073 0
E 2665 3095 0
E 3096 3097 0
E 3097 3098 0
E 3098 3099 0
E 3095 3100 0
E 3100 3101 0
E 3101 3102 0
E 3102 3103 0
E 3103 3104 0
E 3104 3105 0
E 3105 3106 0
E 3106 3096 0
E 2942 3107 0
E 3107 3108 0
E 496 3109 0
E 3109 3110 0
E 2876 3111 0
E 3111 3112 0
E 3112 3113 0
E 3113 3114 0
E 3114 3115 0
E 3115 3116 0
E 3116 3117 0
E 3117 3118 0
E 3117 221 1
E 2943 3119 0
E 2943 2876 1
E 3120 3121 0
E 1080 3122 0
E 3122 3123 0
E 3123 3124 0
E 3124 3125 0
E 3125 3126 0
E 497 3127 0
E 2552 3128 0
E 3128 3129 0
E 3129 3130 0
E 3130 3131 0
E 3131 3132 0
E 3132 3133 0
E 2666 3134 0
E 2984 3135 0
E 3135 3136 0
E 3136 3137 0
E 2848 3138 0
E 3138 3139 0
E 3139 3140 0
E 3140 3141 0
E 2667 3142 0
E 2668 3143 0
E 2669 3144 0
E 2670 3145 0
E 498 3146 0
E 2909 3147 0
E 2171 3148 0
E 2171 15 1
E 1081 3149 0
E 3149 3150 0
E 3150 3151 0
E 1082 3152 0
E 3152 3153 0
E 3153 3154 0
E 500 3155 0
E 499 3156 0
E 3156 3157 0
E 3158 3159 0
E 2910 3160 0
E 2172 3161 0
E 2172 526 1
E 2172 80 1
E 2172 80 1
E 2172 80 1
E 2172 80 1
E 2372 3162 0
E 2372 150 1
E 2372 573 1
E 2372 573 1
E 2372 573 1
E 2372 931 1
E 2372 1471 1
E 2372 576 1
E 2372 1729 1
E 2372 140 1
E 2372 1830 1
E 2372 1832 1
E 2372 1855 1
E 2372 1865 1
E 2372 1417 1
E 2372 1593 1
E 2372 1418 1
E 2372 2147 1
E 2372 2149 1
E 2372 2151 1
E 2372 2153 1
E 2372 2153 1
E 2372 2158 1
E 2372 1371 1
E 2372 2711 1
E 2372 1422 1
E 2911 3163 0
E 3163 3164 0
E 1784 3165 0
E 1784 1783 1
E 2355 3166 0
E 2355 780 1
E 2355 780 1
E 2355 1781 1
E 2355 783 1
E 2355 783 1
E 1083 3167 0
E 3167 3168 0
E 3168 3169 0
E 2360 3170 0
E 2671 3171 0
E 217 3172 0
E 3172 3173 0
E 3172 2938 1
E 3172 2938 1
E 3172 2876 1
E 3172 221 1
E 3172 221 1
E 3172 221 1
E 3172 221 1
E 3172 221 1
E 1084 3174 0
E 3174 3175 0
E 3175 3176 0
E 3175 240 1
E 3175 240 1
E 1085 3177 0
E 3177 3178 0
E 3178 3179 0
E 3179 3180 0
E 3180 3181 0
E 3181 3182 0
E 2173 3183 0
E 2567 3184 0
E 2567 1743 1
E 2567 1751 1
E 2567 3158 1
E 501 3185 0
E 3185 3186 0
E 3186 3187 0
E 3187 3188 0
E 1086 3189 0
E 2849 3190 0
E 3190 3191 0
E 3191 3192 0
E 3192 3193 0
E 2912 3194 0
E 1024 3195 0
E 3195 3196 0
E 3196 3197 0
E 3197 3198 0
E 3198 3199 0
E 1087 3200 0
E 3200 3201 0
E 3201 3202 0
E 3202 3203 0
E 1088 3204 0
E 3204 3205 0
E 3205 3206 0
E 3207 3208 0
E 2985 3209 0
E 2944 3210 0
E 2886 3211 0
E 3211 3212 0
E 1017 3213 0
E 3213 3214 0
E 3214 3215 0
E 3215 3216 0
E 3216 3217 0
E 3217 3218 0
E 3218 3219 0
E 3219 3220 0
E 3220 3221 0
E 79 3222 0
E 2913 3223 0
E 3223 3224 0
E 1354 3225 0
E 3225 3226 0
E 3226 3227 0
E 3227 3228 0
E 3228 3229 0
E 1089 3230 0
E 3230 3231 0
E 3231 3232 0
E 502 3233 0
E 503 3234 0
E 504 3235 0
E 2914 3236 0
E 1564 3237 0
E 1564 150 1
E 1564 202 1
E 1564 550 1
E 1564 1694 1
E 1564 140 1
E 1564 13 1
E 1564 1593 1
E 1564 1595 1
E 1564 1565 1
E 1564 3238 1
E 1564 752 1
E 505 3239 0
E 3239 3240 0
E 3240 3241 0
E 3241 3242 0
E 2672 3243 0
E 1113 3244 0
E 3245 3246 0
E 3245 716 1
E 3245 2863 1
E 3245 2875 1
E 3245 3120 1
E 3245 2886 1
E 3245 2554 1
E 1565 3247 0
E 3247 3248 0
E 2915 3249 0
E 3249 3250 0
E 2986 3251 0
E 3251 3252 0
E 3252 3253 0
E 3253 3254 0
E 1135 3255 0
E 3255 3256 0
E 3256 3257 0
E 3257 3258 0
E 1090 3259 0
E 3259 3260 0
E 3260 3261 0
E 1355 3262 0
E 3262 3263 0
E 2916 3264 0
E 3264 3265 0
E 2917 3266 0
E 2917 2133 1
E 2917 1109 1
E 2917 2309 1
E 2917 80 1
E 506 3267 0
E 3267 3268 0
E 2673 3269 0
E 2674 3270 0
E 2675 3271 0
E 2676 3272 0
E 2677 3273 0
E 218 3274 0
E 3274 3275 0
E 2678 3276 0
E 2679 3277 0
E 2680 3278 0
E 2681 3279 0
E 1356 3280 0
E 3280 3281 0
E 3281 3282 0
E 2987 3283 0
E 3283 3284 0
E 3284 3285 0
E 507 3286 0
E 2682 3287 0
E 3287 3288 0
E 3288 3289 0
E 3289 3290 0
E 3290 3291 0
E 2683 3292 0
E 2683 779 1
E 508 3293 0
E 3293 3294 0
E 3294 3295 0
E 2174 3296 0
E 2684 3297 0
E 2918 3298 0
E 2919 3299 0
E 2920 3300 0
E 2255 3301 0
E 3301 3302 0
E 3302 3303 0
E 3303 3304 0
E 3303 405 1
E 3303 405 1
E 3303 405 1
E 3303 405 1
E 3303 406 1
E 3303 406 1
E 750 3305 0
E 3305 3306 0
E 3306 3307 0
E 3306 133 1
E 3306 5 1
E 3306 5 1
E 3306 5 1
E 2685 3308 0
E 3308 3309 0
E 3309 3310 0
E 3310 3311 0
E 3311 3312 0
E 1754 3313 0
E 3313 3314 0
E 3314 3315 0
E 3315 3316 0
E 3315 1245 1
E 3315 1743 1
E 3315 1773 1
E 3315 1885 1
E 3315 1394 1
E 3315 1916 1
E 3315 1781 1
E 3315 1781 1
E 3315 2340 1
E 3315 1783 1
E 3315 1783 1
E 3315 2446 1
E 3315 3207 1
E 3315 1754 1
E 3315 1754 1
E 3315 3317 1
E 2256 3318 0
E 3318 3319 0
E 3238 3320 0
E 3320 3321 0
E 3320 108 1
E 3320 108 1
E 3320 108 1
E 3320 153 1
E 3320 150 1
E 3320 150 1
E 3320 195 1
E 3320 195 1
E 3320 202 1
E 3320 202 1
E 3320 202 1
E 3320 210 1
E 3320 360 1
E 3320 542 1
E 3320 542 1
E 3320 542 1
E 3320 542 1
E 3320 547 1
E 3320 550 1
E 3320 550 1
E 3320 550 1
E 3320 550 1
E 3320 550 1
E 2921 3322 0
E 3322 3323 0
E 3322 3245 1
E 1566 3324 0
E 751 3325 0
E 751 5 1
E 751 750 1
E 751 752 1
E 2553 3326 0
E 2403 3327 0
E 3327 3328 0
E 3328 3329 0
E 3329 3330 0
E 3330 3331 0
E 3331 3332 0
E 3331 812 1
E 3331 840 1
E 3331 870 1
E 3331 870 1
E 3331 870 1
E 3331 933 1
E 3331 884 1
E 3331 996 1
E 3331 1005 1
E 3331 404 1
E 3331 405 1
E 3331 1302 1
E 3331 1051 1
E 3331 1586 1
E 3331 1636 1
E 3331 1661 1
E 3331 1058 1
E 3331 1717 1
E 3331 268 1
E 3331 268 1
E 3331 1883 1
E 3331 1911 1
E 3331 1943 1
E 3331 2068 1
E 3331 2383 1
E 3331 2391 1
E 3331 2396 1
E 3331 2398 1
E 3331 2398 1
E 3331 2398 1
E 3331 2398 1
E 3331 2404 1
E 3331 2404 1
E 3331 2404 1
E 3331 2404 1
E 3331 2409 1
E 3331 2409 1
E 3331 2409 1
E 3331 2409 1
E 3331 2409 1
E 2922 3333 0
E 20 3334 0
E 20 15 1
E 20 15 1
E 20 15 1
E 20 15 1
E 20 80 1
E 20 2175 1
E 559 3335 0
E 560 3336 0
E 1620 3337 0
E 1933 3338 0
E 2923 3339 0
E 2923 624 1
E 2923 624 1
E 2923 624 1
E 2923 716 1
E 2923 385 1
E 2923 1432 1
E 2923 2496 1
E 2923 2496 1
E 2923 2252 1
E 2923 2252 1
E 2923 2252 1
E 2923 486 1
E 2923 2863 1
E 2923 2863 1
E 2923 293 1
E 2923 2935 1
E 2923 2935 1
E 2923 1079 1
E 2923 2875 1
E 2923 2875 1
E 2923 2875 1
E 2923 1134 1
E 2923 1134 1
E 2923 2665 1
E 2923 2665 1
E 2923 2665 1
E 2923 2665 1
E 2923 2665 1
E 1091 3340 0
E 3340 3341 0
E 3341 3342 0
E 1287 3343 0
E 3343 3344 0
E 80 3345 0
E 3346 3347 0
E 3347 3348 0
E 3348 3349 0
E 3349 3350 0
E 3350 3351 0
E 3351 3352 0
E 3352 3353 0
E 3353 3354 0
E 3354 3355 0
E 3355 3356 0
E 3345 3357 0
E 3356 3358 0
E 3358 3359 0
E 3359 3360 0
E 3360 3361 0
E 3361 3362 0
E 3362 3363 0
E 3363 3364 0
E 3364 3365 0
E 3365 3366 0
E 3366 3367 0
E 3357 3368 0
E 3368 3369 0
E 3369 3370 0
E 3370 3371 0
E 3371 3372 0
E 3372 3373 0
E 3373 3346 0
E 1567 1092 0
E 1092 3374 0
E 3374 3375 0
E 3375 3376 0
E 3376 3377 0
E 509 3378 0
E 510 3379 0
E 511 3380 0
E 2924 3381 0
E 2925 3382 0
E 3382 3383 0
E 1093 3384 0
E 3384 3385 0
E 3385 3386 0
E 1599 3387 0
E 1421 3388 0
E 3388 3389 0
E 3388 150 1
E 3388 574 1
E 3388 140 1
E 1621 3390 0
E 3390 3391 0
E 3391 3392 0
E 3391 190 1
E 3391 1417 1
E 3391 1417 1
E 1422 3393 0
E 3393 3394 0
E 3394 3395 0
E 3394 133 1
E 3394 150 1
E 3394 1380 1
E 3394 1983 1
E 3394 750 1
E 3394 3238 1
E 3394 752 1
E 3394 752 1
E 2926 3396 0
E 3396 3397 0
E 3397 3398 0
E 3397 2027 1
E 3397 1018 1
E 3397 1018 1
E 3397 1018 1
E 3397 1018 1
E 3397 1018 1
E 1622 3399 0
E 3399 3400 0
E 3400 3401 0
E 3400 574 1
E 3400 140 1
E 1423 3402 0
E 3402 3403 0
E 2945 3404 0
E 1094 3405 0
E 3405 3406 0
E 3406 3407 0
E 2927 3408 0
E 2927 884 1
E 2927 996 1
E 2927 1005 1
E 2927 1024 1
E 2927 1087 1
E 2686 3409 0
E 3409 3410 0
E 3410 3411 0
E 3410 933 1
E 3410 996 1
E 3410 1005 1
E 3410 1033 1
E 3410 1033 1
E 3410 1033 1
E 3410 1033 1
E 3410 1604 1
E 3410 1604 1
E 3410 1698 1
E 3410 1702 1
E 3410 1760 1
E 3410 1760 1
E 3410 1760 1
E 3410 1760 1
E 3410 1844 1
E 3410 268 1
E 3410 2080 1
E 3410 2534 1
E 3410 2585 1
E 3410 2585 1
E 3410 2609 1
E 3410 2609 1
E 3410 2609 1
E 3410 2609 1
E 3410 2697 1
E 3410 2752 1
E 3410 2752 1
E 3410 2755 1
E 3410 2755 1
E 3410 2758 1
E 3410 2760 1
E 3410 2760 1
E 3410 2760 1
E 3410 2764 1
E 3410 2764 1
E 3410 2767 1
E 3410 2769 1
E 3410 2771 1
E 3410 2773 1
E 3410 2775 1
E 3410 2775 1
E 3410 2780 1
E 3410 2883 1
E 3410 2896 1
E 3410 2896 1
E 3410 2665 1
E 3410 2665 1
E 3410 2665 1
E 3410 2665 1
E 3410 2665 1
E 1095 3412 0
E 3412 3413 0
E 3413 3414 0
E 752 3415 0
E 3415 3416 0
E 3416 3417 0
E 3417 3418 0
E 3418 3419 0
E 3419 3420 0
E 3420 3421 0
E 1096 3422 0
E 3422 3423 0
E 3423 3424 0
E 1623 3425 0
E 3425 3426 0
E 3425 2 1
E 3425 190 1
E 3425 190 1
E 3425 190 1
E 3425 9 1
E 3425 9 1
E 3425 10 1
E 3425 10 1
E 3425 14 1
E 3425 14 1
E 3425 1618 1
E 3425 1618 1
E 3425 323 1
E 3425 323 1
E 3425 1619 1
E 3425 17 1
E 3425 17 1
E 3425 1622 1
E 1097 3427 0
E 3427 3428 0
E 3428 3429 0
E 3317 3430 0
E 1317 3431 0
E 3431 3432 0
E 3432 3433 0
E 3433 3434 0
E 3434 512 0
E 3434 190 1
E 3434 190 1
E 3434 1224 1
E 3434 1224 1
E 3434 1308 1
E 3434 1364 1
E 3434 1364 1
E 3434 1364 1
E 3434 1364 1
E 512 3435 0
E 1600 3436 0
E 2175 3437 0
E 3437 3438 0
E 3438 3439 0
E 3439 3440 0
E 2988 3441 0
E 3441 3442 0
E 3442 3443 0
E 3442 405 1
E 3442 405 1
E 3442 406 1
E 2687 3444 0
E 3444 3445 0
E 3445 3446 0
E 3446 3447 0
E 3447 3448 0
E 513 3449 0
E 513 363 1
E 513 363 1
E 1018 3450 0
E 3451 3452 0
E 3452 3453 0
E 3453 3454 0
E 3454 3455 0
E 3455 3456 0
E 3456 3457 0
E 3456 230 1
E 3456 230 1
E 3456 235 1
E 3456 235 1
E 3456 235 1
E 3456 248 1
E 3456 256 1
E 3456 256 1
E 3456 256 1
E 3456 256 1
E 3456 256 1
E 3450 3458 0
E 3458 3459 0
E 3459 3460 0
E 3460 3461 0
E 3461 3462 0
E 3462 3463 0
E 3463 3464 0
E 3464 3451 0
E 21 3465 0
E 3465 3466 0
E 3466 3467 0
E 3467 514 0
E 3467 190 1
E 3467 190 1
E 3467 190 1
E 3467 190 1
E 3467 190 1
E 514 3468 0
E 3468 3469 0
E 2928 3470 0
E 3470 3471 0
E 22 3472 0
E 3472 3473 0
E 3473 3474 0
E 3474 3475 0
E 3475 515 0
E 515 3476 0
E 219 3477 0
E 3477 3478 0
E 220 3479 0
E 221 3480 0
E 3481 3482 0
E 3482 3483 0
E 3483 3484 0
E 3480 3485 0
E 3485 3486 0
E 3486 3487 0
E 3487 3488 0
E 3488 3489 0
E 3489 3490 0
E 3490 3491 0
E 3491 3481 0
E 1098 3492 0
E 3492 3493 0
E 3493 3494 0
E 516 3495 0
E 3495 3496 0
E 517 3497 0
E 2554 3498 0
E 3498 3499 0
E 3498 44 1
E 3498 99 1
E 3498 716 1
E 3498 716 1
E 3498 757 1
E 3498 390 1
E 3498 390 1
E 1099 3500 0
E 1100 3501 0
E 518 3502 0
E 1101 3503 0
E 1102 3504 0
E 3504 3505 0
E 3505 3506 0
E 3506 3507 0
E 1103 3508 0
E 1715 3509 0
E 3509 3510 0
E 3510 3511 0
E 3511 3512 0
E 3512 3513 0
E 1601 3514 0
T 1548
T 1
T 26
T 33
T 42
T 67
T 52
T 56
T 65
T 62
T 123
T 73
T 71
T 82
T 77
T 84
T 88
T 86
T 92
T 90
T 112
T 102
T 107
T 114
T 117
T 119
T 191
T 125
T 127
T 129
T 132
T 135
T 139
T 144
T 146
T 149
T 152
T 154
T 177
T 226
T 193
T 201
T 207
T 211
T 214
T 295
T 229
T 234
T 239
T 247
T 255
T 249
T 264
T 281
T 288
T 291
T 362
T 309
T 301
T 312
T 319
T 335
T 328
T 344
T 352
T 359
T 546
T 531
T 369
T 537
T 541
T 549
T 557
T 561
T 579
T 591
T 592
T 598
T 600
T 602
T 605
T 607
T 610
T 616
T 621
T 623
T 631
T 640
T 693
T 642
T 644
T 646
T 726
T 701
T 703
T 705
T 707
T 708
T 713
T 715
T 724
T 728
T 749
T 731
T 732
T 735
T 736
T 740
T 743
T 756
T 758
T 788
T 761
T 770
T 777
T 782
T 785
T 791
T 792
T 794
T 800
T 804
T 818
T 806
T 809
T 811
T 816
T 822
T 819
T 830
T 825
T 857
T 834
T 836
T 839
T 845
T 849
T 854
T 922
T 861
T 866
T 869
T 876
T 880
T 911
T 916
T 920
T 968
T 926
T 930
T 939
T 932
T 943
T 946
T 949
T 953
T 957
T 963
T 1028
T 972
T 977
T 973
T 981
T 978
T 985
T 988
T 1002
T 992
T 994
T 995
T 1011
T 1004
T 1016
T 1022
T 1032
T 1040
T 1106
T 1047
T 1042
T 1050
T 1115
T 1108
T 1112
T 1117
T 1120
T 1124
T 1131
T 1126
T 1127
T 1129
T 1163
T 1133
T 1137
T 1141
T 1148
T 1191
T 1201
T 1197
T 1209
T 1223
T 1211
T 1213
T 1215
T 1217
T 1218
T 1221
T 1227
T 1232
T 1243
T 1233
T 1235
T 1239
T 1255
T 1244
T 1252
T 1301
T 1259
T 1263
T 1277
T 1279
T 1281
T 1290
T 1284
T 1296
T 1299
T 1304
T 1303
T 1307
T 1305
T 1313
T 1326
T 1324
T 1328
T 1329
T 1333
T 1334
T 1337
T 1342
T 1347
T 1358
T 1363
T 1360
T 1361
T 1372
T 1381
T 1383
T 1391
T 1398
T 1402
T 1404
T 1409
T 1410
T 1415
T 1429
T 1431
T 1433
T 1435
T 1470
T 1438
T 1444
T 1451
T 1447
T 1460
T 1463
T 1472
T 1473
T 1475
T 1477
T 1481
T 1479
T 1489
T 1485
T 1498
T 1497
T 1500
T 1512
T 1501
T 1523
T 1525
T 1528
T 1531
T 1539
T 2004
T 1559
T 1556
T 1569
T 1578
T 1587
T 1589
T 1592
T 1603
T 1606
T 1607
T 1615
T 1624
T 1633
T 1632
T 1634
T 1635
T 1637
T 1640
T 1648
T 1649
T 1653
T 1655
T 1656
T 1659
T 1660
T 1663
T 1662
T 1668
T 1667
T 1673
T 1683
T 1695
T 1692
T 1693
T 1697
T 1699
T 1700
T 1701
T 1708
T 1703
T 1706
T 1707
T 1709
T 1711
T 1713
T 1716
T 1718
T 1719
T 1720
T 1721
T 1722
T 1723
T 1724
T 1725
T 1726
T 1728
T 1730
T 1731
T 1732
T 1738
T 1733
T 1734
T 1735
T 1736
T 1741
T 1739
T 1742
T 1759
T 1749
T 1763
T 1772
T 1775
T 1780
T 1785
T 1788
T 1820
T 1790
T 1792
T 1794
T 1826
T 1828
T 1827
T 1829
T 1831
T 1833
T 1843
T 1836
T 1841
T 1854
T 1845
T 1851
T 1856
T 1858
T 1864
T 1882
T 1873
T 1866
T 1884
T 1886
T 1891
T 1901
T 1904
T 1905
T 1908
T 1909
T 1910
T 1912
T 1915
T 1919
T 1922
T 1920
T 1923
T 1926
T 1931
T 1937
T 1935
T 1939
T 1941
T 1942
T 1944
T 1945
T 1947
T 1954
T 1956
T 1958
T 1966
T 1960
T 1972
T 1974
T 1976
T 1977
T 1979
T 1982
T 1984
T 1985
T 1987
T 1996
T 2002
T 2445
T 2007
T 2008
T 2011
T 2014
T 2016
T 2022
T 2024
T 2026
T 2028
T 2033
T 2035
T 2044
T 2046
T 2048
T 2050
T 2052
T 2054
T 2056
T 2058
T 2059
T 2061
T 2063
T 2065
T 2067
T 2069
T 2071
T 2074
T 2077
T 2075
T 2079
T 2082
T 2088
T 2090
T 2092
T 2094
T 2099
T 2101
T 2103
T 2105
T 2107
T 2109
T 2111
T 2116
T 2112
T 2115
T 2117
T 2119
T 2120
T 2130
T 2125
T 2131
T 2132
T 2134
T 2136
T 2138
T 2141
T 2142
T 2144
T 2145
T 2146
T 2157
T 2148
T 2150
T 2152
T 2155
T 2159
T 2160
T 2161
T 2162
T 2165
T 2168
T 2184
T 2185
T 2186
T 2190
T 2188
T 2191
T 2192
T 2194
T 2198
T 2200
T 2202
T 2203
T 2205
T 2207
T 2209
T 2212
T 2214
T 2216
T 2221
T 2227
T 2229
T 2231
T 2233
T 2235
T 2237
T 2239
T 2241
T 2260
T 2245
T 2246
T 2248
T 2258
T 2265
T 2262
T 2264
T 2267
T 2268
T 2269
T 2271
T 2276
T 2274
T 2277
T 2279
T 2281
T 2283
T 2285
T 2289
T 2287
T 2291
T 2292
T 2293
T 2300
T 2302
T 2304
T 2306
T 2308
T 2310
T 2312
T 2314
T 2316
T 2318
T 2320
T 2322
T 2324
T 2326
T 2331
T 2333
T 2335
T 2337
T 2339
T 2341
T 2343
T 2345
T 2348
T 2350
T 2353
T 2354
T 2359
T 2362
T 2366
T 2364
T 2371
T 2368
T 2370
T 2377
T 2375
T 2382
T 2384
T 2386
T 2390
T 2392
T 2395
T 2397
T 2402
T 2408
T 2414
T 2420
T 2425
T 2427
T 2429
T 2434
T 2443
T 2933
T 2468
T 2449
T 2447
T 2450
T 2452
T 2454
T 2476
T 2478
T 2481
T 2483
T 2489
T 2485
T 2486
T 2493
T 2495
T 2501
T 2504
T 2505
T 2510
T 2506
T 2507
T 2508
T 2526
T 2515
T 2517
T 2533
T 2528
T 2536
T 2538
T 2540
T 2544
T 2545
T 2558
T 2551
T 2556
T 2566
T 2571
T 2569
T 2575
T 2578
T 2576
T 2584
T 2582
T 2596
T 2592
T 2594
T 2599
T 2598
T 2602
T 2605
T 2608
T 2613
T 2688
T 2690
T 2692
T 2694
T 2696
T 2698
T 2703
T 2706
T 2704
T 2708
T 2710
T 2714
T 2712
T 2715
T 2721
T 2716
T 2727
T 2722
T 2725
T 2728
T 2733
T 2729
T 2749
T 2751
T 2779
T 2754
T 2757
T 2759
T 2763
T 2766
T 2768
T 2770
T 2772
T 2774
T 2777
T 2781
T 2787
T 2782
T 2789
T 2788
T 2791
T 2793
T 2792
T 2796
T 2795
T 2798
T 2805
T 2806
T 2810
T 2812
T 2813
T 2814
T 2815
T 2819
T 2820
T 2821
T 2822
T 2824
T 2826
T 2827
T 2828
T 2829
T 2830
T 2831
T 2843
T 2832
T 2833
T 2834
T 2835
T 2836
T 2837
T 2838
T 2839
T 2840
T 2841
T 2857
T 2844
T 2845
T 2846
T 2850
T 2851
T 2852
T 2853
T 2854
T 2855
T 2858
T 2859
T 2860
T 2862
T 2870
T 2882
T 2885
T 2895
T 2898
T 2904
T 2932
T 3162
T 2937
T 2934
T 2949
T 2953
T 2954
T 2962
T 2956
T 2964
T 3020
T 2966
T 2969
T 2970
T 2971
T 2990
T 2977
T 2978
T 2979
T 2980
T 2989
T 3000
T 2991
T 2995
T 3004
T 3002
T 3013
T 3005
T 3011
T 3021
T 3022
T 3023
T 3024
T 3028
T 3029
T 3030
T 3031
T 3036
T 3032
T 3037
T 3040
T 3048
T 3044
T 3052
T 3053
T 3054
T 3058
T 3064
T 3070
T 3071
T 3088
T 3099
T 3108
T 3118
T 3110
T 3119
T 3121
T 3126
T 3127
T 3133
T 3134
T 3137
T 3141
T 3142
T 3143
T 3144
T 3145
T 3146
T 3147
T 3148
T 3151
T 3154
T 3157
T 3155
T 3159
T 3160
T 3161
T 3164
T 3165
T 3166
T 3169
T 3170
T 3171
T 3173
T 3176
T 3182
T 3183
T 3184
T 3188
T 3189
T 3193
T 3194
T 3199
T 3203
T 3206
T 3208
T 3210
T 3209
T 3212
T 3221
T 3222
T 3224
T 3229
T 3232
T 3237
T 3233
T 3234
T 3235
T 3236
T 3248
T 3242
T 3243
T 3244
T 3246
T 3250
T 3258
T 3254
T 3261
T 3263
T 3265
T 3266
T 3268
T 3269
T 3275
T 3270
T 3271
T 3272
T 3273
T 3276
T 3277
T 3278
T 3279
T 3282
T 3285
T 3286
T 3291
T 3292
T 3296
T 3295
T 3297
T 3304
T 3298
T 3299
T 3300
T 3312
T 3307
T 3319
T 3316
T 3321
T 3323
T 3324
T 3325
T 3326
T 3332
T 3333
T 3334
T 3335
T 3336
T 3337
T 3338
T 3339
T 3342
T 3344
T 3367
T 3377
T 3378
T 3379
T 3380
T 3381
T 3383
T 3386
T 3387
T 3389
T 3392
T 3395
T 3398
T 3401
T 3403
T 3404
T 3407
T 3408
T 3411
T 3414
T 3421
T 3424
T 3426
T 3429
T 3430
T 3435
T 3436
T 3440
T 3443
T 3448
T 3469
T 3449
T 3457
T 3471
T 3476
T 3478
T 3479
T 3484
T 3494
T 3496
T 3497
T 3499
T 3500
T 3501
T 3503
T 3502
T 3507
T 3508
T 3513
T 3514
R 1
EOF