E 1 2 1
E 1 2 1
E 1 2 1
E 1 3 1
E 1 3 1
E 1 4 1
E 1 4 1
E 1 5 1
E 1 5 1
E 1 6 1
E 1 6 1
E 1 7 1
E 1 7 1
E 1 7 1
E 1 7 1
E 1 8 1
E 1 8 1
E 1 8 1
E 1 8 1
E 1 9 1
E 1 9 1
E 1 10 1
E 1 10 1
E 1 11 1
E 1 12 1
E 1 13 1
E 1 14 1
E 1 14 1
E 1 14 1
E 1 15 1
E 1 15 1
E 1 16 1
E 1 17 1
E 1 17 1
E 1 18 1
E 1 18 1
E 1 18 1
E 1 19 1
E 1 20 1
E 1 21 1
E 1 21 1
E 1 22 1
E 23 24 0
E 24 25 0
E 25 26 0
E 26 27 0
E 28 29 0
E 29 30 0
E 31 32 0
E 31 33 1
E 34 35 0
E 35 36 0
E 36 37 0
E 37 38 0
E 39 40 0
E 40 41 0
E 42 43 0
E 44 45 0
E 45 46 0
E 46 47 0
E 43 48 0
E 48 49 0
E 49 50 0
E 50 51 0
E 51 52 0
E 52 53 0
E 53 54 0
E 54 44 0
E 55 56 0
E 56 57 0
E 57 58 0
E 59 60 0
E 60 61 0
E 61 62 0
E 62 63 0
E 63 64 0
E 64 65 0
E 66 67 0
E 68 69 0
E 69 70 0
E 70 71 0
E 70 68 1
E 70 72 1
E 70 73 1
E 70 74 1
E 70 74 1
E 70 74 1
E 70 74 1
E 70 74 1
E 75 76 0
E 76 77 0
E 77 78 0
E 79 80 0
E 80 81 0
E 81 82 0
E 83 84 0
E 85 86 0
E 86 87 0
E 87 88 0
E 88 89 0
E 84 90 0
E 90 91 0
E 91 92 0
E 92 93 0
E 93 94 0
E 94 95 0
E 95 96 0
E 96 85 0
E 97 98 0
E 98 99 0
E 99 100 0
E 101 102 0
E 102 103 0
E 103 104 0
E 104 105 0
E 106 107 0
E 107 108 0
E 108 109 0
E 109 110 0
E 110 111 0
E 111 112 0
E 111 113 1
E 111 114 1
E 115 116 0
E 113 117 0
E 118 119 0
E 119 120 0
E 120 121 0
E 121 122 0
E 122 123 0
E 123 124 0
E 124 125 0
E 125 126 0
E 126 127 0
E 127 128 0
E 117 129 0
E 128 130 0
E 130 131 0
E 131 132 0
E 132 133 0
E 132 113 1
E 132 113 1
E 132 113 1
E 132 113 1
E 132 113 1
E 132 113 1
E 129 134 0
E 134 135 0
E 135 136 0
E 136 137 0
E 137 138 0
E 138 139 0
E 139 118 0
E 140 141 0
E 141 142 0
E 142 143 0
E 143 144 0
E 144 145 0
E 145 146 0
E 145 147 1
E 146 148 0
E 148 149 0
E 150 151 0
E 152 153 0
E 154 155 0
E 156 157 0
E 157 158 0
E 158 159 0
E 159 160 0
E 160 161 0
E 161 162 0
E 162 163 0
E 163 164 0
E 164 165 0
E 166 167 0
E 167 168 0
E 168 169 0
E 169 170 0
E 170 171 0
E 171 172 0
E 172 173 0
E 173 174 0
E 174 175 0
E 176 177 0
E 177 178 0
E 179 180 0
E 181 182 0
E 182 183 0
E 183 184 0
E 184 185 0
E 185 186 0
E 186 187 0
E 188 189 0
E 189 190 0
E 189 191 1
E 189 192 1
E 190 193 0
E 193 194 0
E 194 195 0
E 195 196 0
E 196 197 0
E 198 199 0
E 199 200 0
E 200 201 0
E 201 202 0
E 201 203 1
E 201 204 1
E 201 205 1
E 201 205 1
E 201 205 1
E 201 205 1
E 201 206 1
E 201 207 1
E 201 208 1
E 201 208 1
E 201 209 1
E 201 210 1
E 201 211 1
E 201 211 1
E 201 211 1
E 201 212 1
E 201 213 1
E 201 214 1
E 201 215 1
E 216 217 0
E 217 218 0
E 218 219 0
E 219 220 0
E 220 221 0
E 222 223 0
E 223 224 0
E 224 225 0
E 225 226 0
E 226 227 0
E 228 229 0
E 229 230 0
E 230 231 0
E 231 232 0
E 232 233 0
E 232 234 1
E 232 235 1
E 236 237 0
E 238 239 0
E 239 240 0
E 240 241 0
E 241 242 0
E 242 243 0
E 243 244 0
E 245 246 0
E 246 247 0
E 247 248 0
E 248 249 0
E 250 251 0
E 251 252 0
E 252 253 0
E 253 254 0
E 255 256 0
E 256 257 0
E 257 258 0
E 258 259 0
E 260 261 0
E 261 262 0
E 262 263 0
E 263 264 0
E 2 265 0
E 266 267 0
E 266 147 1
E 266 9 1
E 266 268 1
E 266 269 1
E 266 270 1
E 266 271 1
E 266 272 1
E 266 273 1
E 266 17 1
E 266 274 1
E 266 21 1
E 267 275 0
E 275 276 0
E 276 277 0
E 265 278 0
E 278 279 0
E 279 280 0
E 280 281 0
E 281 282 0
E 282 283 0
E 283 284 0
E 284 266 0
E 285 286 0
E 286 287 0
E 287 288 0
E 288 289 0
E 290 291 0
E 292 293 0
E 293 294 0
E 294 295 0
E 295 296 0
E 296 297 0
E 298 299 0
E 299 300 0
E 300 301 0
E 301 302 0
E 302 303 0
E 304 305 0
E 305 306 0
E 306 307 0
E 307 308 0
E 308 309 0
E 310 311 0
E 311 312 0
E 312 313 0
E 313 314 0
E 314 315 0
E 316 317 0
E 317 318 0
E 318 319 0
E 319 320 0
E 320 321 0
E 321 322 0
E 323 324 0
E 324 325 0
E 325 326 0
E 326 327 0
E 327 328 0
E 327 228 1
E 327 323 1
E 329 330 0
E 330 331 0
E 331 332 0
E 332 333 0
E 334 335 0
E 335 336 0
E 336 337 0
E 337 338 0
E 337 339 1
E 340 341 0
E 341 342 0
E 342 343 0
E 343 344 0
E 344 345 0
E 344 346 1
E 344 347 1
E 344 348 1
E 344 349 1
E 3 350 0
E 350 351 0
E 351 352 0
E 351 147 1
E 351 353 1
E 351 353 1
E 351 354 1
E 351 355 1
E 356 357 0
E 358 359 0
E 359 360 0
E 360 361 0
E 361 362 0
E 362 363 0
E 363 364 0
E 364 365 0
E 365 366 0
E 366 367 0
E 367 368 0
E 357 369 0
E 368 370 0
E 370 371 0
E 371 372 0
E 372 373 0
E 373 374 0
E 374 375 0
E 375 376 0
E 376 377 0
E 377 378 0
E 378 379 0
E 369 380 0
E 379 381 0
E 381 382 0
E 382 383 0
E 382 384 1
E 382 385 1
E 382 386 1
E 382 386 1
E 382 8 1
E 382 387 1
E 382 387 1
E 382 388 1
E 382 389 1
E 382 389 1
E 382 389 1
E 382 389 1
E 382 353 1
E 382 353 1
E 382 353 1
E 382 353 1
E 382 353 1
E 382 353 1
E 382 353 1
E 382 353 1
E 380 390 0
E 390 391 0
E 391 392 0
E 392 393 0
E 393 394 0
E 394 358 0
E 4 395 0
E 395 396 0
E 396 397 0
E 396 147 1
E 396 147 1
E 396 147 1
E 396 7 1
E 396 8 1
E 396 9 1
E 396 9 1
E 396 17 1
E 398 399 0
E 400 401 0
E 401 402 0
E 402 403 0
E 404 405 0
E 405 406 0
E 407 408 0
E 408 409 0
E 409 410 0
E 410 411 0
E 411 412 0
E 412 413 0
E 414 415 0
E 414 416 1
E 414 11 1
E 417 418 0
E 417 387 1
E 417 419 1
E 417 419 1
E 417 419 1
E 417 419 1
E 417 419 1
E 420 421 0
E 421 422 0
E 422 423 0
E 423 424 0
E 425 426 0
E 425 416 1
E 425 427 1
E 425 428 1
E 425 429 1
E 425 430 1
E 425 431 1
E 425 432 1
E 425 433 1
E 425 434 1
E 425 339 1
E 435 436 0
E 435 11 1
E 437 438 0
E 439 440 0
E 440 441 0
E 441 442 0
E 442 443 0
E 147 444 0
E 445 446 0
E 446 447 0
E 447 448 0
E 448 449 0
E 449 450 0
E 450 451 0
E 451 452 0
E 452 453 0
E 453 454 0
E 454 455 0
E 444 456 0
E 455 457 0
E 457 458 0
E 458 459 0
E 459 460 0
E 460 461 0
E 461 462 0
E 462 463 0
E 463 464 0
E 464 465 0
E 465 466 0
E 456 467 0
E 466 468 0
E 468 469 0
E 469 470 0
E 470 471 0
E 471 472 0
E 472 473 0
E 473 474 0
E 474 475 0
E 475 476 0
E 476 477 0
E 467 478 0
E 477 479 0
E 479 480 0
E 480 481 0
E 481 482 0
E 482 483 0
E 483 484 0
E 484 485 0
E 485 486 0
E 486 487 0
E 487 488 0
E 478 489 0
E 488 490 0
E 490 491 0
E 491 492 0
E 492 493 0
E 493 494 0
E 494 495 0
E 495 496 0
E 496 497 0
E 496 140 1
E 496 156 1
E 496 2 1
E 489 498 0
E 498 499 0
E 499 500 0
E 500 445 0
E 501 502 0
E 502 503 0
E 504 505 0
E 506 507 0
E 508 509 0
E 509 510 0
E 511 512 0
E 512 513 0
E 513 514 0
E 514 515 0
E 514 404 1
E 514 404 1
E 514 516 1
E 514 516 1
E 514 516 1
E 514 516 1
E 514 516 1
E 514 516 1
E 514 517 1
E 514 517 1
E 514 518 1
E 514 518 1
E 514 518 1
E 514 518 1
E 514 518 1
E 514 518 1
E 514 518 1
E 514 518 1
E 514 518 1
E 514 518 1
E 519 520 0
E 5 521 0
E 521 522 0
E 522 523 0
E 523 524 0
E 525 526 0
E 526 527 0
E 527 528 0
E 528 529 0
E 530 531 0
E 531 532 0
E 532 533 0
E 534 535 0
E 536 537 0
E 537 538 0
E 538 539 0
E 539 540 0
E 540 541 0
E 541 542 0
E 541 543 1
E 541 543 1
E 541 543 1
E 541 544 1
E 541 545 1
E 541 545 1
E 541 545 1
E 541 545 1
E 541 545 1
E 541 545 1
E 541 546 1
E 541 547 1
E 541 548 1
E 541 549 1
E 541 550 1
E 541 550 1
E 541 550 1
E 541 551 1
E 541 552 1
E 541 553 1
E 541 554 1
E 555 556 0
E 557 558 0
E 559 560 0
E 561 562 0
E 562 563 0
E 563 564 0
E 564 565 0
E 565 566 0
E 566 567 0
E 567 568 0
E 568 569 0
E 569 570 0
E 571 572 0
E 571 427 1
E 571 428 1
E 571 573 1
E 571 574 1
E 571 574 1
E 571 574 1
E 571 575 1
E 571 576 1
E 571 431 1
E 571 577 1
E 571 578 1
E 571 579 1
E 571 580 1
E 571 581 1
E 571 582 1
E 571 582 1
E 571 582 1
E 571 583 1
E 571 583 1
E 571 583 1
E 571 434 1
E 571 584 1
E 571 585 1
E 571 586 1
E 571 586 1
E 571 587 1
E 571 588 1
E 571 589 1
E 571 339 1
E 571 590 1
E 571 591 1
E 571 591 1
E 571 591 1
E 571 592 1
E 571 593 1
E 571 594 1
E 571 595 1
E 571 595 1
E 571 596 1
E 571 596 1
E 571 596 1
E 597 598 0
E 598 599 0
E 416 600 0
E 600 601 0
E 601 602 0
E 602 603 0
E 603 604 0
E 603 147 1
E 603 427 1
E 603 427 1
E 603 427 1
E 603 427 1
E 603 605 1
E 603 605 1
E 603 11 1
E 603 11 1
E 603 606 1
E 607 608 0
E 608 609 0
E 609 610 0
E 610 611 0
E 611 612 0
E 612 613 0
E 613 614 0
E 613 156 1
E 613 156 1
E 613 156 1
E 613 156 1
E 613 156 1
E 613 166 1
E 613 166 1
E 613 166 1
E 613 166 1
E 613 166 1
E 613 166 1
E 613 166 1
E 613 166 1
E 614 615 0
E 615 616 0
E 427 617 0
E 617 618 0
E 618 619 0
E 619 620 0
E 620 621 0
E 621 622 0
E 622 623 0
E 622 504 1
E 622 559 1
E 622 624 1
E 622 577 1
E 625 626 0
E 626 627 0
E 628 629 0
E 629 630 0
E 630 631 0
E 428 632 0
E 632 633 0
E 633 634 0
E 634 635 0
E 635 636 0
E 636 637 0
E 638 639 0
E 639 640 0
E 640 641 0
E 641 642 0
E 641 203 1
E 643 644 0
E 643 42 1
E 643 42 1
E 643 42 1
E 643 42 1
E 643 42 1
E 643 42 1
E 643 42 1
E 643 42 1
E 643 42 1
E 643 42 1
E 645 646 0
E 573 647 0
E 648 649 0
E 650 651 0
E 652 653 0
E 654 655 0
E 655 656 0
E 656 657 0
E 658 659 0
E 660 661 0
E 661 662 0
E 662 663 0
E 662 664 1
E 574 665 0
E 665 666 0
E 666 667 0
E 668 669 0
E 669 670 0
E 670 671 0
E 672 673 0
E 674 675 0
E 675 676 0
E 676 677 0
E 678 679 0
E 679 680 0
E 680 681 0
E 682 683 0
E 683 684 0
E 684 685 0
E 685 686 0
E 686 687 0
E 686 688 1
E 686 688 1
E 687 689 0
E 234 690 0
E 691 692 0
E 692 693 0
E 692 694 1
E 695 696 0
E 575 697 0
E 697 698 0
E 698 699 0
E 699 700 0
E 700 701 0
E 701 702 0
E 702 703 0
E 703 704 0
E 704 705 0
E 706 707 0
E 708 709 0
E 709 710 0
E 711 712 0
E 712 713 0
E 713 714 0
E 714 715 0
E 715 716 0
E 717 718 0
E 719 720 0
E 721 722 0
E 722 723 0
E 724 725 0
E 724 182 1
E 724 190 1
E 724 216 1
E 724 222 1
E 724 239 1
E 724 292 1
E 724 298 1
E 724 304 1
E 724 310 1
E 724 316 1
E 724 625 1
E 724 628 1
E 724 645 1
E 724 648 1
E 724 650 1
E 724 654 1
E 724 660 1
E 724 660 1
E 724 669 1
E 724 678 1
E 724 678 1
E 724 687 1
E 724 691 1
E 724 708 1
E 724 712 1
E 724 721 1
E 724 726 1
E 724 726 1
E 724 727 1
E 724 728 1
E 724 729 1
E 724 730 1
E 724 731 1
E 724 732 1
E 724 733 1
E 724 734 1
E 724 735 1
E 724 736 1
E 724 737 1
E 724 738 1
E 724 739 1
E 724 740 1
E 724 741 1
E 724 742 1
E 724 743 1
E 724 744 1
E 724 745 1
E 724 746 1
E 724 747 1
E 724 748 1
E 724 749 1
E 724 750 1
E 724 751 1
E 724 752 1
E 724 753 1
E 724 754 1
E 724 755 1
E 724 756 1
E 724 757 1
E 724 758 1
E 724 759 1
E 724 760 1
E 724 761 1
E 724 762 1
E 724 763 1
E 724 764 1
E 724 765 1
E 724 766 1
E 724 767 1
E 724 768 1
E 724 769 1
E 724 770 1
E 724 771 1
E 724 771 1
E 724 772 1
E 724 773 1
E 724 774 1
E 724 775 1
E 724 776 1
E 724 777 1
E 724 778 1
E 724 779 1
E 724 780 1
E 724 694 1
E 724 781 1
E 724 782 1
E 724 783 1
E 724 784 1
E 724 74 1
E 724 785 1
E 724 785 1
E 724 786 1
E 724 786 1
E 724 787 1
E 724 788 1
E 724 789 1
E 724 790 1
E 724 791 1
E 724 792 1
E 724 793 1
E 724 794 1
E 724 795 1
E 724 796 1
E 797 798 0
E 726 799 0
E 799 800 0
E 800 801 0
E 605 802 0
E 802 803 0
E 802 31 1
E 802 156 1
E 802 166 1
E 802 425 1
E 802 561 1
E 802 561 1
E 802 555 1
E 802 416 1
E 802 416 1
E 802 597 1
E 802 607 1
E 802 607 1
E 802 607 1
E 802 607 1
E 802 607 1
E 802 607 1
E 802 607 1
E 804 727 0
E 727 805 0
E 728 806 0
E 806 807 0
E 807 808 0
E 809 810 0
E 624 811 0
E 624 812 1
E 729 813 0
E 813 814 0
E 815 816 0
E 730 817 0
E 817 818 0
E 818 819 0
E 819 820 0
E 731 821 0
E 821 822 0
E 822 823 0
E 823 824 0
E 825 826 0
E 576 827 0
E 828 829 0
E 732 830 0
E 830 831 0
E 831 832 0
E 832 833 0
E 833 834 0
E 835 836 0
E 429 837 0
E 733 838 0
E 838 839 0
E 734 840 0
E 840 841 0
E 842 843 0
E 843 844 0
E 844 845 0
E 845 846 0
E 847 848 0
E 847 849 1
E 850 851 0
E 851 852 0
E 852 853 0
E 430 854 0
E 854 855 0
E 855 856 0
E 856 857 0
E 857 858 0
E 859 860 0
E 861 862 0
E 862 863 0
E 863 864 0
E 864 865 0
E 866 867 0
E 868 869 0
E 870 871 0
E 871 872 0
E 872 873 0
E 873 874 0
E 874 875 0
E 875 876 0
E 431 877 0
E 877 878 0
E 878 879 0
E 879 880 0
E 880 881 0
E 881 882 0
E 883 884 0
E 516 885 0
E 885 886 0
E 886 887 0
E 887 888 0
E 888 889 0
E 889 890 0
E 891 892 0
E 892 893 0
E 893 894 0
E 577 895 0
E 895 896 0
E 896 897 0
E 897 898 0
E 898 899 0
E 899 900 0
E 900 735 0
E 900 428 1
E 900 575 1
E 900 711 1
E 900 430 1
E 900 431 1
E 900 431 1
E 900 431 1
E 900 191 1
E 900 191 1
E 900 191 1
E 900 191 1
E 900 191 1
E 900 191 1
E 900 191 1
E 900 191 1
E 900 901 1
E 900 901 1
E 900 902 1
E 900 903 1
E 900 903 1
E 900 904 1
E 900 905 1
E 900 906 1
E 900 907 1
E 900 908 1
E 900 909 1
E 900 592 1
E 900 910 1
E 900 911 1
E 900 912 1
E 900 913 1
E 900 914 1
E 900 915 1
E 900 916 1
E 735 917 0
E 917 918 0
E 191 919 0
E 920 921 0
E 921 922 0
E 922 923 0
E 923 924 0
E 924 543 0
E 543 925 0
E 925 926 0
E 926 927 0
E 927 928 0
E 919 929 0
E 929 930 0
E 930 931 0
E 931 932 0
E 932 933 0
E 933 934 0
E 934 935 0
E 935 920 0
E 901 936 0
E 936 937 0
E 937 938 0
E 939 940 0
E 940 941 0
E 940 577 1
E 940 942 1
E 942 943 0
E 942 398 1
E 942 439 1
E 942 439 1
E 942 439 1
E 942 439 1
E 942 428 1
E 942 428 1
E 942 430 1
E 942 430 1
E 942 191 1
E 942 191 1
E 942 939 1
E 942 944 1
E 942 945 1
E 942 946 1
E 942 947 1
E 942 948 1
E 942 949 1
E 942 950 1
E 942 951 1
E 942 952 1
E 942 953 1
E 942 954 1
E 942 954 1
E 942 955 1
E 942 956 1
E 942 957 1
E 942 958 1
E 942 959 1
E 942 960 1
E 942 961 1
E 942 962 1
E 942 963 1
E 942 964 1
E 942 965 1
E 942 966 1
E 942 966 1
E 942 966 1
E 942 966 1
E 942 966 1
E 942 966 1
E 942 966 1
E 942 966 1
E 942 966 1
E 942 966 1
E 943 967 0
E 578 968 0
E 968 969 0
E 968 428 1
E 968 835 1
E 968 430 1
E 968 431 1
E 968 577 1
E 968 577 1
E 968 901 1
E 968 939 1
E 968 432 1
E 968 579 1
E 968 11 1
E 968 339 1
E 968 592 1
E 968 970 1
E 968 971 1
E 968 972 1
E 432 973 0
E 973 974 0
E 579 975 0
E 975 976 0
E 977 978 0
E 433 979 0
E 580 980 0
E 981 982 0
E 982 983 0
E 983 984 0
E 984 985 0
E 985 986 0
E 986 987 0
E 988 989 0
E 990 991 0
E 991 992 0
E 992 993 0
E 993 994 0
E 994 995 0
E 995 996 0
E 997 998 0
E 998 999 0
E 999 1000 0
E 999 400 1
E 999 400 1
E 999 400 1
E 999 575 1
E 999 575 1
E 999 575 1
E 581 1001 0
E 582 1002 0
E 1002 1003 0
E 1003 1004 0
E 1004 1005 0
E 1005 1006 0
E 1006 1007 0
E 1007 1008 0
E 583 1009 0
E 1009 1010 0
E 1010 1011 0
E 1012 1013 0
E 1014 1015 0
E 434 1016 0
E 1016 1017 0
E 1018 1019 0
E 1019 1020 0
E 1020 1021 0
E 1020 575 1
E 1020 688 1
E 1022 1023 0
E 1023 1024 0
E 1024 1025 0
E 1025 1026 0
E 1027 1028 0
E 1028 1029 0
E 1029 1030 0
E 1031 1032 0
E 1032 1033 0
E 1033 1034 0
E 1035 1036 0
E 1036 1037 0
E 1037 1038 0
E 1038 1039 0
E 1038 66 1
E 1038 1040 1
E 1038 8 1
E 1038 1041 1
E 1038 1042 1
E 1038 1043 1
E 1044 1045 0
E 1045 1046 0
E 1046 1047 0
E 1047 1048 0
E 1048 1049 0
E 1049 1050 0
E 1050 1051 0
E 1050 203 1
E 1050 1052 1
E 1050 1053 1
E 1050 1054 1
E 1050 1055 1
E 1050 1056 1
E 1050 1056 1
E 1050 1057 1
E 1050 1057 1
E 1050 1058 1
E 944 1059 0
E 1060 1061 0
E 1061 1062 0
E 1062 1063 0
E 1062 842 1
E 1062 582 1
E 584 1064 0
E 1065 1066 0
E 1066 1067 0
E 1067 1068 0
E 1068 1069 0
E 585 1070 0
E 1071 1072 0
E 1072 1073 0
E 1073 1074 0
E 1075 1076 0
E 1076 1077 0
E 1077 1078 0
E 1077 511 1
E 1077 511 1
E 1077 511 1
E 1077 519 1
E 1077 1071 1
E 1077 1071 1
E 1077 1071 1
E 1077 1075 1
E 1077 1079 1
E 1077 1079 1
E 1077 518 1
E 1077 518 1
E 1077 518 1
E 1077 1080 1
E 1077 1080 1
E 1077 1081 1
E 1077 1081 1
E 1077 1082 1
E 1077 1082 1
E 1077 1083 1
E 1077 1083 1
E 1077 1084 1
E 1077 1085 1
E 1077 1085 1
E 1077 1086 1
E 1077 1086 1
E 1077 1086 1
E 1087 1088 0
E 1087 74 1
E 1087 74 1
E 586 1089 0
E 1089 1090 0
E 544 1091 0
E 1092 1093 0
E 1094 1095 0
E 1095 1096 0
E 1096 1097 0
E 1097 1098 0
E 1098 1099 0
E 1100 1101 0
E 1102 1103 0
E 1104 1105 0
E 1105 1106 0
E 1106 1107 0
E 1107 1108 0
E 1108 1109 0
E 1109 1110 0
E 1110 1111 0
E 1111 1112 0
E 1112 1113 0
E 1112 68 1
E 1112 536 1
E 1112 536 1
E 1112 536 1
E 1112 536 1
E 1112 981 1
E 1112 1075 1
E 1112 1075 1
E 1112 1104 1
E 1112 1114 1
E 1112 203 1
E 1112 1115 1
E 1112 1116 1
E 1112 1117 1
E 1112 1117 1
E 1112 1052 1
E 1112 1118 1
E 1112 1118 1
E 1112 1118 1
E 1112 1118 1
E 1112 1118 1
E 1112 1118 1
E 1112 1119 1
E 1112 1120 1
E 1112 1120 1
E 1112 1121 1
E 1112 1122 1
E 1112 1122 1
E 1112 1123 1
E 1112 1124 1
E 1112 1125 1
E 1112 1125 1
E 1112 1125 1
E 1112 1125 1
E 1112 1125 1
E 1112 1125 1
E 1112 1125 1
E 1112 1125 1
E 1112 1125 1
E 1112 1125 1
E 1126 1127 0
E 1127 1128 0
E 1128 1129 0
E 1130 1131 0
E 1131 1132 0
E 1132 1133 0
E 1133 1134 0
E 1135 1136 0
E 1136 1137 0
E 1137 1138 0
E 1137 386 1
E 1139 1140 0
E 1140 1141 0
E 1141 1142 0
E 1142 1143 0
E 1143 1144 0
E 1144 1145 0
E 1146 1147 0
E 1147 1148 0
E 1148 1149 0
E 1149 1150 0
E 1151 1152 0
E 1152 1153 0
E 1153 1154 0
E 1154 1155 0
E 385 1156 0
E 1157 1158 0
E 1158 1159 0
E 1159 1160 0
E 1160 1161 0
E 1161 1162 0
E 1162 1163 0
E 1163 1164 0
E 1164 1165 0
E 1165 1166 0
E 1166 1167 0
E 1156 1168 0
E 1167 1169 0
E 1169 1170 0
E 1170 1171 0
E 1168 1172 0
E 1172 1173 0
E 1173 1174 0
E 1174 1175 0
E 1175 1176 0
E 1176 1177 0
E 1177 1157 0
E 945 1178 0
E 1178 1179 0
E 1179 1180 0
E 1180 1181 0
E 587 1182 0
E 1183 1184 0
E 902 1185 0
E 517 1186 0
E 1186 1187 0
E 386 1188 0
E 1188 1189 0
E 1189 1190 0
E 1190 1191 0
E 1191 1192 0
E 1192 1193 0
E 1193 1194 0
E 1193 97 1
E 1193 97 1
E 1193 97 1
E 1193 356 1
E 1193 356 1
E 1193 356 1
E 1193 356 1
E 1193 356 1
E 1193 356 1
E 1193 356 1
E 1195 1196 0
E 1196 1197 0
E 1197 1198 0
E 1198 1199 0
E 1199 1200 0
E 1200 1201 0
E 1202 1203 0
E 72 1204 0
E 1079 1205 0
E 1205 1206 0
E 1207 1208 0
E 6 1209 0
E 1209 1210 0
E 1209 8 1
E 1209 8 1
E 1209 1211 1
E 1209 1212 1
E 1209 1043 1
E 1209 22 1
E 1213 1214 0
E 1214 1215 0
E 1215 1216 0
E 1216 1217 0
E 1217 1218 0
E 1218 1219 0
E 1219 1220 0
E 1221 1222 0
E 1222 1223 0
E 7 1224 0
E 1225 1226 0
E 1226 1227 0
E 1227 1228 0
E 1228 1229 0
E 1229 1230 0
E 1229 147 1
E 1224 1231 0
E 1231 1232 0
E 1232 1233 0
E 1233 1234 0
E 1234 1235 0
E 1235 1236 0
E 1236 1237 0
E 1237 1225 0
E 1040 1238 0
E 8 1239 0
E 1240 1241 0
E 1241 1242 0
E 1242 1243 0
E 1243 1244 0
E 1244 1245 0
E 1245 1246 0
E 1246 1247 0
E 1247 1248 0
E 1248 1249 0
E 1249 1250 0
E 1239 1251 0
E 1250 1252 0
E 1252 1253 0
E 1253 1254 0
E 1254 1255 0
E 1255 1256 0
E 1255 113 1
E 1255 113 1
E 1255 290 1
E 1255 356 1
E 1255 356 1
E 1255 356 1
E 1255 356 1
E 1255 4 1
E 1255 417 1
E 1255 147 1
E 1255 147 1
E 1255 147 1
E 1255 1035 1
E 1255 1094 1
E 1255 1094 1
E 1255 1094 1
E 1255 1135 1
E 1255 1135 1
E 1255 1135 1
E 1255 386 1
E 1255 386 1
E 1255 386 1
E 1255 386 1
E 1255 1207 1
E 1255 7 1
E 1255 7 1
E 1255 7 1
E 1255 7 1
E 1255 7 1
E 1255 1257 1
E 1255 1257 1
E 1255 1258 1
E 1255 1258 1
E 1255 10 1
E 1255 10 1
E 1255 389 1
E 1255 389 1
E 1255 389 1
E 1255 389 1
E 1255 12 1
E 1255 353 1
E 1255 353 1
E 1255 353 1
E 1255 353 1
E 1255 353 1
E 1255 1259 1
E 1255 1259 1
E 1255 1259 1
E 1255 1259 1
E 1255 1259 1
E 1255 1259 1
E 1255 1259 1
E 1255 1260 1
E 1255 1260 1
E 1255 1261 1
E 1255 1262 1
E 1255 1263 1
E 1255 1264 1
E 1255 1264 1
E 1255 1264 1
E 1255 1264 1
E 1255 1264 1
E 1255 1264 1
E 1255 1264 1
E 1255 1264 1
E 1255 1265 1
E 1255 1266 1
E 1255 1266 1
E 1255 1041 1
E 1255 1041 1
E 1255 1267 1
E 1255 1268 1
E 1255 1268 1
E 1255 1269 1
E 1255 1269 1
E 1255 1269 1
E 1255 1269 1
E 1255 1270 1
E 1255 16 1
E 1255 16 1
E 1255 17 1
E 1255 274 1
E 1255 18 1
E 1255 18 1
E 1255 18 1
E 1255 18 1
E 1255 18 1
E 1255 1271 1
E 1255 1272 1
E 1255 1272 1
E 1255 114 1
E 1255 114 1
E 1255 1273 1
E 1255 1274 1
E 1255 1274 1
E 1255 1275 1
E 1255 1276 1
E 1255 1276 1
E 1255 1277 1
E 1255 1277 1
E 1255 1277 1
E 1255 1278 1
E 1255 349 1
E 1255 1279 1
E 1255 1279 1
E 1255 21 1
E 1255 21 1
E 1255 21 1
E 1255 21 1
E 1255 22 1
E 1255 22 1
E 1255 22 1
E 1255 22 1
E 1255 22 1
E 1255 22 1
E 1255 22 1
E 1255 22 1
E 1251 1280 0
E 1280 1281 0
E 1281 1282 0
E 1282 1283 0
E 1283 1284 0
E 1284 1285 0
E 1285 1240 0
E 1286 1287 0
E 1287 1288 0
E 1288 1289 0
E 9 1290 0
E 1291 1292 0
E 1292 1293 0
E 1293 1294 0
E 1294 1295 0
E 1295 1296 0
E 1296 1297 0
E 1297 1298 0
E 1297 147 1
E 1297 147 1
E 1297 147 1
E 1297 147 1
E 1297 147 1
E 1297 147 1
E 1297 147 1
E 1297 147 1
E 1297 147 1
E 1297 147 1
E 1290 1299 0
E 1299 1300 0
E 1300 1301 0
E 1301 1302 0
E 1302 1303 0
E 1303 1304 0
E 1304 1305 0
E 1305 1291 0
E 384 1306 0
E 1307 1308 0
E 1308 1309 0
E 1309 1310 0
E 1310 1311 0
E 1310 387 1
E 1310 387 1
E 1310 387 1
E 1310 387 1
E 1310 387 1
E 1310 387 1
E 1310 387 1
E 1310 387 1
E 1310 387 1
E 1310 387 1
E 1311 1312 0
E 1306 1313 0
E 1313 1314 0
E 1314 1315 0
E 1315 1316 0
E 1316 1317 0
E 1317 1318 0
E 1318 1319 0
E 1319 1307 0
E 1114 1320 0
E 1114 1321 1
E 1114 1322 1
E 1114 74 1
E 1114 74 1
E 1114 74 1
E 1114 74 1
E 1257 1323 0
E 1323 1324 0
E 1323 83 1
E 1323 384 1
E 1323 356 1
E 1323 1035 1
E 1323 1092 1
E 1323 1094 1
E 1323 8 1
E 1323 8 1
E 1323 8 1
E 1323 1325 1
E 1323 12 1
E 1323 12 1
E 1323 353 1
E 1323 13 1
E 1323 1326 1
E 1323 1327 1
E 1323 18 1
E 1323 1271 1
E 1323 1328 1
E 1323 1329 1
E 1323 1330 1
E 1323 1331 1
E 1323 21 1
E 1323 22 1
E 1258 1332 0
E 1332 1333 0
E 1332 356 1
E 1332 147 1
E 1332 1334 1
E 1332 1269 1
E 1332 1269 1
E 387 1335 0
E 1336 1337 0
E 1337 1338 0
E 1338 1339 0
E 1339 1340 0
E 1340 1341 0
E 1341 1342 0
E 1342 1343 0
E 1343 1344 0
E 1344 1345 0
E 1345 1346 0
E 1335 1347 0
E 1346 1348 0
E 1347 1349 0
E 1349 1350 0
E 1350 1351 0
E 1351 1352 0
E 1352 1353 0
E 1353 1354 0
E 1354 1336 0
E 1355 1356 0
E 1357 1358 0
E 1359 1360 0
E 1360 1361 0
E 1361 1362 0
E 1362 1363 0
E 1363 1364 0
E 1364 1365 0
E 1366 1367 0
E 1367 1368 0
E 1369 1370 0
E 1370 1371 0
E 1371 1372 0
E 1372 1373 0
E 1373 1374 0
E 1374 1375 0
E 664 1376 0
E 1377 1378 0
E 1378 1379 0
E 1379 1380 0
E 1380 1381 0
E 1381 1382 0
E 1382 1383 0
E 10 1384 0
E 1384 1385 0
E 1385 1386 0
E 1386 1387 0
E 1387 1388 0
E 388 1389 0
E 388 113 1
E 388 113 1
E 388 147 1
E 388 597 1
E 388 389 1
E 388 1390 1
E 388 1391 1
E 388 1392 1
E 388 1393 1
E 388 1394 1
E 388 1269 1
E 388 1269 1
E 388 1269 1
E 388 1395 1
E 388 1212 1
E 903 1396 0
E 1396 1397 0
E 1325 1398 0
E 1325 12 1
E 1211 1399 0
E 518 1400 0
E 1401 1402 0
E 1402 1403 0
E 1403 1404 0
E 1404 1405 0
E 1405 1406 0
E 1406 1407 0
E 1407 1408 0
E 1408 1409 0
E 1409 1410 0
E 1410 1411 0
E 1400 1412 0
E 1412 1413 0
E 1413 1414 0
E 1414 1415 0
E 1415 1416 0
E 1416 1417 0
E 1417 1418 0
E 1418 1401 0
E 1419 1420 0
E 1419 191 1
E 904 1421 0
E 1421 1422 0
E 1422 1423 0
E 1423 736 0
E 736 1424 0
E 588 1425 0
E 737 1426 0
E 738 1427 0
E 1428 1429 0
E 1429 1430 0
E 1430 1431 0
E 1431 1432 0
E 739 1433 0
E 1434 1435 0
E 740 1436 0
E 1334 1437 0
E 1437 1438 0
E 1438 1439 0
E 419 1440 0
E 1440 1441 0
E 1441 1442 0
E 1442 1443 0
E 1443 1444 0
E 389 1445 0
E 1446 1447 0
E 1445 1448 0
E 1448 1449 0
E 1449 1450 0
E 1450 1451 0
E 1451 1452 0
E 1452 1453 0
E 1453 1454 0
E 1454 1446 0
E 1455 1456 0
E 1456 1457 0
E 741 1458 0
E 1459 1460 0
E 1460 1461 0
E 1461 1462 0
E 1462 1463 0
E 742 1464 0
E 1465 1466 0
E 1467 743 0
E 743 1468 0
E 744 1469 0
E 745 1470 0
E 746 1471 0
E 747 1472 0
E 1472 1473 0
E 1474 1475 0
E 1475 1476 0
E 1476 1477 0
E 748 1478 0
E 749 1479 0
E 1480 1481 0
E 1482 1483 0
E 1483 1484 0
E 1484 1485 0
E 750 1486 0
E 751 1487 0
E 1488 1489 0
E 1489 1490 0
E 1490 1491 0
E 1491 1492 0
E 1492 1493 0
E 1493 1494 0
E 1495 1496 0
E 1496 1497 0
E 1497 1498 0
E 1498 1499 0
E 1499 1500 0
E 1500 1501 0
E 1502 1503 0
E 1503 1504 0
E 1504 1505 0
E 1505 1506 0
E 1506 1507 0
E 1507 1508 0
E 1509 1510 0
E 1510 1511 0
E 1511 1512 0
E 1512 1513 0
E 1513 1514 0
E 1514 1515 0
E 1516 1517 0
E 1517 1518 0
E 1518 1519 0
E 1519 1520 0
E 1520 1521 0
E 1521 1522 0
E 1523 1524 0
E 1524 1525 0
E 1525 1526 0
E 1526 1527 0
E 1527 1528 0
E 1528 1529 0
E 1530 1531 0
E 1531 1532 0
E 1532 1533 0
E 1533 1534 0
E 1534 1535 0
E 1535 1536 0
E 1537 1538 0
E 1538 1539 0
E 1539 1540 0
E 1540 1541 0
E 1541 1542 0
E 1542 1543 0
E 1544 1545 0
E 1545 1546 0
E 1546 1547 0
E 1547 1548 0
E 1548 1549 0
E 1549 1550 0
E 752 1551 0
E 1552 1553 0
E 1553 1554 0
E 1554 1555 0
E 1555 1556 0
E 1556 1557 0
E 1557 1558 0
E 1559 1560 0
E 1560 1561 0
E 1561 1562 0
E 1562 1563 0
E 1563 1564 0
E 1564 1565 0
E 1566 1567 0
E 1567 1568 0
E 1568 1569 0
E 1569 1570 0
E 1570 1571 0
E 1571 1572 0
E 1573 1574 0
E 1574 1575 0
E 1575 1576 0
E 1576 1577 0
E 1577 1578 0
E 1578 1579 0
E 1580 1581 0
E 1581 1582 0
E 1582 1583 0
E 1583 1584 0
E 1584 1585 0
E 1585 1586 0
E 1587 1588 0
E 1588 1589 0
E 1589 1590 0
E 1590 1591 0
E 1591 1592 0
E 1592 1593 0
E 1594 1595 0
E 1595 1596 0
E 1596 1597 0
E 1597 1598 0
E 1598 1599 0
E 1599 1600 0
E 1601 1602 0
E 1602 1603 0
E 1603 1604 0
E 1604 1605 0
E 1605 1606 0
E 1606 1607 0
E 1608 1609 0
E 1609 1610 0
E 1610 1611 0
E 1611 1612 0
E 1612 1613 0
E 1613 1614 0
E 1615 1616 0
E 1616 1617 0
E 1617 1618 0
E 1618 1619 0
E 1619 1620 0
E 1620 1621 0
E 753 1622 0
E 754 1623 0
E 755 1624 0
E 756 1625 0
E 757 1626 0
E 758 1627 0
E 759 1628 0
E 1390 1629 0
E 760 1630 0
E 1631 1632 0
E 12 1633 0
E 1633 1634 0
E 1634 1635 0
E 1635 1636 0
E 1636 1637 0
E 1637 1638 0
E 1639 1640 0
E 1641 1642 0
E 1642 1643 0
E 1643 1644 0
E 1644 1645 0
E 1645 1646 0
E 1646 1647 0
E 1647 1648 0
E 1649 1650 0
E 1650 1651 0
E 1651 1652 0
E 1652 1653 0
E 1653 1654 0
E 1654 1655 0
E 1655 1656 0
E 1657 1658 0
E 1658 1659 0
E 1659 1660 0
E 1660 1661 0
E 1661 1662 0
E 1662 1663 0
E 1663 1664 0
E 1665 1666 0
E 1666 1667 0
E 1667 1668 0
E 1668 1669 0
E 353 1670 0
E 1671 1672 0
E 1672 1673 0
E 1673 1674 0
E 1674 1675 0
E 1675 1676 0
E 1676 1677 0
E 1677 1678 0
E 1678 1679 0
E 1679 1680 0
E 1680 1681 0
E 1670 1682 0
E 1681 1683 0
E 1683 1684 0
E 1684 1685 0
E 1685 1686 0
E 1686 1687 0
E 1687 1688 0
E 1688 1689 0
E 1689 1690 0
E 1690 1691 0
E 1691 1692 0
E 1682 1693 0
E 1692 1694 0
E 1694 1695 0
E 1695 1696 0
E 1696 1697 0
E 1697 1698 0
E 1698 1699 0
E 1699 1700 0
E 1693 1701 0
E 1701 1702 0
E 1702 1703 0
E 1703 1704 0
E 1704 1705 0
E 1705 1671 0
E 268 1706 0
E 1706 1707 0
E 1707 1708 0
E 1708 1709 0
E 1709 1710 0
E 1710 1711 0
E 589 1712 0
E 1713 1714 0
E 1714 1715 0
E 1715 1716 0
E 1259 1717 0
E 1717 1718 0
E 1718 1719 0
E 1719 1720 0
E 1720 1721 0
E 1721 1722 0
E 1722 1723 0
E 1723 1724 0
E 1723 356 1
E 1723 356 1
E 1723 356 1
E 1723 356 1
E 1723 385 1
E 1723 385 1
E 1723 385 1
E 1723 385 1
E 1723 385 1
E 1723 385 1
E 1723 8 1
E 1723 8 1
E 1723 8 1
E 1723 8 1
E 1723 8 1
E 1723 8 1
E 1723 8 1
E 1723 8 1
E 1723 387 1
E 1723 353 1
E 1723 353 1
E 1723 353 1
E 1723 353 1
E 1723 353 1
E 1723 353 1
E 1723 353 1
E 1723 353 1
E 1723 353 1
E 1723 1260 1
E 1723 1260 1
E 1723 1260 1
E 1723 1264 1
E 1723 1264 1
E 1723 1725 1
E 1723 1269 1
E 1723 1269 1
E 1723 1277 1
E 1723 1278 1
E 1723 1278 1
E 1723 22 1
E 1723 22 1
E 1723 22 1
E 1723 22 1
E 1723 22 1
E 1723 22 1
E 1723 22 1
E 1723 22 1
E 1723 22 1
E 1391 1726 0
E 1727 1728 0
E 1729 1730 0
E 1730 1731 0
E 1732 1733 0
E 1733 1734 0
E 1734 1735 0
E 1735 1736 0
E 1736 1737 0
E 1737 1738 0
E 1738 1739 0
E 1739 1740 0
E 1740 1741 0
E 1740 11 1
E 1740 11 1
E 1740 11 1
E 1742 1743 0
E 1744 1745 0
E 1745 1746 0
E 1746 1747 0
E 1747 1748 0
E 1748 1749 0
E 1749 1750 0
E 1750 1751 0
E 1751 1752 0
E 203 1753 0
E 1753 1754 0
E 1754 1755 0
E 1755 1756 0
E 1756 1757 0
E 1757 1758 0
E 1758 1759 0
E 1759 1760 0
E 1759 34 1
E 1759 34 1
E 1759 34 1
E 1759 34 1
E 1759 42 1
E 1759 59 1
E 1759 59 1
E 1759 59 1
E 1759 59 1
E 1759 59 1
E 1759 59 1
E 1759 75 1
E 1759 75 1
E 1759 75 1
E 1759 146 1
E 1759 146 1
E 1759 101 1
E 1759 101 1
E 1759 101 1
E 1759 101 1
E 1759 182 1
E 1759 182 1
E 1759 182 1
E 1759 182 1
E 1759 190 1
E 1759 190 1
E 1759 190 1
E 1759 190 1
E 1759 198 1
E 1759 198 1
E 1759 198 1
E 1759 198 1
E 1759 216 1
E 1759 216 1
E 1759 216 1
E 1759 216 1
E 1759 222 1
E 1759 222 1
E 1759 222 1
E 1759 222 1
E 1759 228 1
E 1759 228 1
E 1759 228 1
E 1759 228 1
E 1759 239 1
E 1759 239 1
E 1759 239 1
E 1759 239 1
E 1759 245 1
E 1759 245 1
E 1759 245 1
E 1759 245 1
E 1759 250 1
E 1759 250 1
E 1759 250 1
E 1759 250 1
E 1759 255 1
E 1759 255 1
E 1759 255 1
E 1759 255 1
E 1759 260 1
E 1759 260 1
E 1759 260 1
E 1759 260 1
E 1759 285 1
E 1759 285 1
E 1759 285 1
E 1759 285 1
E 1759 267 1
E 1759 267 1
E 1759 267 1
E 1759 292 1
E 1759 292 1
E 1759 292 1
E 1759 292 1
E 1759 298 1
E 1759 298 1
E 1759 298 1
E 1759 298 1
E 1759 304 1
E 1759 304 1
E 1759 304 1
E 1759 304 1
E 1759 310 1
E 1759 310 1
E 1759 310 1
E 1759 310 1
E 1759 316 1
E 1759 316 1
E 1759 316 1
E 1759 316 1
E 1759 323 1
E 1759 323 1
E 1759 323 1
E 1759 323 1
E 1759 329 1
E 1759 329 1
E 1759 329 1
E 1759 329 1
E 1759 407 1
E 1759 407 1
E 1759 407 1
E 1759 407 1
E 1759 407 1
E 1759 407 1
E 1759 420 1
E 1759 420 1
E 1759 420 1
E 1759 420 1
E 1759 506 1
E 1759 511 1
E 1759 534 1
E 1759 625 1
E 1759 628 1
E 1759 638 1
E 1759 638 1
E 1759 638 1
E 1759 638 1
E 1759 652 1
E 1759 654 1
E 1759 658 1
E 1759 660 1
E 1759 669 1
E 1759 672 1
E 1759 674 1
E 1759 678 1
E 1759 691 1
E 1759 695 1
E 1759 706 1
E 1759 708 1
E 1759 712 1
E 1759 717 1
E 1759 719 1
E 1759 721 1
E 1759 724 1
E 1759 797 1
E 1759 726 1
E 1759 728 1
E 1759 809 1
E 1759 729 1
E 1759 730 1
E 1759 731 1
E 1759 825 1
E 1759 828 1
E 1759 733 1
E 1759 734 1
E 1759 847 1
E 1759 850 1
E 1759 850 1
E 1759 850 1
E 1759 870 1
E 1759 870 1
E 1759 870 1
E 1759 870 1
E 1759 870 1
E 1759 870 1
E 1759 891 1
E 1759 891 1
E 1759 891 1
E 1759 990 1
E 1759 990 1
E 1759 990 1
E 1759 990 1
E 1759 990 1
E 1759 990 1
E 1759 1022 1
E 1759 1022 1
E 1759 1022 1
E 1759 1022 1
E 1759 1044 1
E 1759 1044 1
E 1759 1044 1
E 1759 1065 1
E 1759 1065 1
E 1759 1065 1
E 1759 1065 1
E 1759 1130 1
E 1759 1130 1
E 1759 1130 1
E 1759 1130 1
E 1759 1139 1
E 1759 1139 1
E 1759 1139 1
E 1759 1139 1
E 1759 1139 1
E 1759 1139 1
E 1759 1146 1
E 1759 1146 1
E 1759 1146 1
E 1759 1146 1
E 1759 1151 1
E 1759 1151 1
E 1759 1151 1
E 1759 1151 1
E 1759 1166 1
E 1759 1166 1
E 1759 1166 1
E 1759 1166 1
E 1759 1195 1
E 1759 1195 1
E 1759 1195 1
E 1759 1195 1
E 1759 1195 1
E 1759 1195 1
E 1759 1213 1
E 1759 1213 1
E 1759 1213 1
E 1759 1286 1
E 1759 1286 1
E 1759 1286 1
E 1759 1359 1
E 1759 1359 1
E 1759 1359 1
E 1759 1359 1
E 1759 1359 1
E 1759 1359 1
E 1759 1369 1
E 1759 1369 1
E 1759 1369 1
E 1759 1369 1
E 1759 1369 1
E 1759 1369 1
E 1759 1377 1
E 1759 1377 1
E 1759 1377 1
E 1759 1377 1
E 1759 1377 1
E 1759 1377 1
E 1759 1428 1
E 1759 1428 1
E 1759 1428 1
E 1759 1428 1
E 1759 1488 1
E 1759 1488 1
E 1759 1488 1
E 1759 1488 1
E 1759 1488 1
E 1759 1488 1
E 1759 1495 1
E 1759 1495 1
E 1759 1495 1
E 1759 1495 1
E 1759 1495 1
E 1759 1495 1
E 1759 1502 1
E 1759 1502 1
E 1759 1502 1
E 1759 1502 1
E 1759 1502 1
E 1759 1502 1
E 1759 1509 1
E 1759 1509 1
E 1759 1509 1
E 1759 1509 1
E 1759 1509 1
E 1759 1509 1
E 1759 1516 1
E 1759 1516 1
E 1759 1516 1
E 1759 1516 1
E 1759 1516 1
E 1759 1516 1
E 1759 1523 1
E 1759 1523 1
E 1759 1523 1
E 1759 1523 1
E 1759 1523 1
E 1759 1523 1
E 1759 1530 1
E 1759 1530 1
E 1759 1530 1
E 1759 1530 1
E 1759 1530 1
E 1759 1530 1
E 1759 1537 1
E 1759 1537 1
E 1759 1537 1
E 1759 1537 1
E 1759 1537 1
E 1759 1537 1
E 1759 1544 1
E 1759 1544 1
E 1759 1544 1
E 1759 1544 1
E 1759 1544 1
E 1759 1544 1
E 1759 1552 1
E 1759 1552 1
E 1759 1552 1
E 1759 1552 1
E 1759 1552 1
E 1759 1552 1
E 1759 1559 1
E 1759 1559 1
E 1759 1559 1
E 1759 1559 1
E 1759 1559 1
E 1759 1559 1
E 1759 1566 1
E 1759 1566 1
E 1759 1566 1
E 1759 1566 1
E 1759 1566 1
E 1759 1566 1
E 1759 1573 1
E 1759 1573 1
E 1759 1573 1
E 1759 1573 1
E 1759 1573 1
E 1759 1573 1
E 1759 1580 1
E 1759 1580 1
E 1759 1580 1
E 1759 1580 1
E 1759 1580 1
E 1759 1580 1
E 1759 1587 1
E 1759 1587 1
E 1759 1587 1
E 1759 1587 1
E 1759 1587 1
E 1759 1587 1
E 1759 1594 1
E 1759 1594 1
E 1759 1594 1
E 1759 1594 1
E 1759 1594 1
E 1759 1594 1
E 1759 1601 1
E 1759 1601 1
E 1759 1601 1
E 1759 1601 1
E 1759 1601 1
E 1759 1601 1
E 1759 1608 1
E 1759 1608 1
E 1759 1608 1
E 1759 1608 1
E 1759 1608 1
E 1759 1608 1
E 1759 1615 1
E 1759 1615 1
E 1759 1615 1
E 1759 1615 1
E 1759 1615 1
E 1759 1615 1
E 1759 1641 1
E 1759 1641 1
E 1759 1641 1
E 1759 1649 1
E 1759 1649 1
E 1759 1649 1
E 1759 1657 1
E 1759 1657 1
E 1759 1657 1
E 1759 1713 1
E 1759 1713 1
E 1759 1713 1
E 1759 1744 1
E 1759 1744 1
E 1759 1744 1
E 1759 1761 1
E 1759 1761 1
E 1759 1761 1
E 1759 1761 1
E 1759 1761 1
E 1759 1761 1
E 1759 1761 1
E 1759 1761 1
E 1759 1762 1
E 1759 1762 1
E 1759 1762 1
E 1759 1763 1
E 1759 1764 1
E 1759 1764 1
E 1759 1764 1
E 1759 1765 1
E 1759 1765 1
E 1759 1765 1
E 1759 1766 1
E 1759 1766 1
E 1759 1767 1
E 1759 1767 1
E 1759 1767 1
E 1759 1768 1
E 1759 1768 1
E 1759 1768 1
E 1759 1769 1
E 1759 1769 1
E 1759 1769 1
E 1759 1770 1
E 1759 1770 1
E 1759 1770 1
E 1759 1771 1
E 1759 1771 1
E 1759 1771 1
E 1759 1772 1
E 1759 1772 1
E 1759 1772 1
E 1759 1773 1
E 1759 1773 1
E 1759 1773 1
E 1759 1774 1
E 1759 1774 1
E 1759 1774 1
E 1759 1775 1
E 1759 1775 1
E 1759 1775 1
E 1759 1775 1
E 1759 1776 1
E 1759 1776 1
E 1759 1776 1
E 1759 1777 1
E 1759 1777 1
E 1759 1777 1
E 1759 1778 1
E 1759 1778 1
E 1759 1778 1
E 1759 1778 1
E 1759 1778 1
E 1759 1778 1
E 1759 1779 1
E 1759 1779 1
E 1759 1779 1
E 1759 1780 1
E 1759 1780 1
E 1759 1780 1
E 1759 1780 1
E 1759 1780 1
E 1759 1780 1
E 1759 1781 1
E 1759 1781 1
E 1759 1781 1
E 1759 1782 1
E 1759 1782 1
E 1759 1783 1
E 1759 1783 1
E 1759 1783 1
E 1759 1783 1
E 1759 1784 1
E 1759 1785 1
E 1759 1786 1
E 1759 1786 1
E 1759 1786 1
E 1759 1786 1
E 1759 1787 1
E 1759 1787 1
E 1759 1787 1
E 1759 1788 1
E 1759 1788 1
E 1759 1788 1
E 1759 1788 1
E 1759 1789 1
E 1759 1789 1
E 1759 1789 1
E 1759 1790 1
E 1759 1790 1
E 1759 1790 1
E 1759 1790 1
E 1759 1791 1
E 1759 1791 1
E 1759 1791 1
E 1759 1791 1
E 1759 1792 1
E 1759 1792 1
E 1759 1792 1
E 1759 1792 1
E 1759 1793 1
E 1759 1794 1
E 1759 1794 1
E 1759 1794 1
E 1759 1795 1
E 1759 1795 1
E 1759 1795 1
E 1759 1795 1
E 1759 1796 1
E 1759 1797 1
E 1759 1797 1
E 1759 1797 1
E 1759 1798 1
E 1759 1798 1
E 1759 1798 1
E 1759 1799 1
E 1759 1799 1
E 1759 1799 1
E 1759 1800 1
E 1759 1800 1
E 1759 1800 1
E 1759 1801 1
E 1759 1801 1
E 1759 1801 1
E 1759 1802 1
E 1759 1802 1
E 1759 1802 1
E 1759 1803 1
E 1759 1803 1
E 1759 1803 1
E 1759 1804 1
E 1759 1804 1
E 1759 1804 1
E 1759 1805 1
E 1759 1805 1
E 1759 1805 1
E 1759 1806 1
E 1759 1806 1
E 1759 1806 1
E 1759 1807 1
E 1759 1807 1
E 1759 1807 1
E 1759 1808 1
E 1759 1808 1
E 1759 1808 1
E 1759 1809 1
E 1759 1809 1
E 1759 1809 1
E 1759 1810 1
E 1759 1810 1
E 1759 1810 1
E 1759 1811 1
E 1759 1811 1
E 1759 1811 1
E 1759 1812 1
E 1759 1813 1
E 1759 1813 1
E 1759 1814 1
E 1759 1815 1
E 1759 1815 1
E 1759 1815 1
E 1759 1816 1
E 1759 1816 1
E 1759 1816 1
E 1759 1817 1
E 1759 1817 1
E 1759 1817 1
E 1759 1081 1
E 1759 1818 1
E 1759 1818 1
E 1759 1819 1
E 1759 1819 1
E 1759 1820 1
E 1759 1821 1
E 1759 1821 1
E 1759 1821 1
E 1759 1822 1
E 1759 1822 1
E 1759 1823 1
E 1759 1823 1
E 1759 1823 1
E 1759 1823 1
E 1759 1824 1
E 1759 1824 1
E 1759 1824 1
E 1759 1824 1
E 1759 1825 1
E 1759 1825 1
E 1759 1825 1
E 1759 1826 1
E 1759 1826 1
E 1759 1826 1
E 1759 1827 1
E 1759 1827 1
E 1759 1828 1
E 1759 1828 1
E 1759 1828 1
E 1759 1828 1
E 1759 1828 1
E 1759 1828 1
E 1759 1829 1
E 1759 1829 1
E 1759 1829 1
E 1759 764 1
E 1759 1830 1
E 1759 1830 1
E 1759 1830 1
E 1759 1830 1
E 1759 1831 1
E 1759 1831 1
E 1759 1831 1
E 1759 1832 1
E 1759 1832 1
E 1759 1832 1
E 1759 1833 1
E 1759 1833 1
E 1759 1833 1
E 1759 1834 1
E 1759 1834 1
E 1759 1834 1
E 1759 1835 1
E 1759 1835 1
E 1759 1835 1
E 1759 1836 1
E 1759 1836 1
E 1759 1836 1
E 1759 1837 1
E 1759 1837 1
E 1759 1837 1
E 1759 1838 1
E 1759 1838 1
E 1759 1838 1
E 1759 1839 1
E 1759 1839 1
E 1759 1839 1
E 1759 1840 1
E 1759 1840 1
E 1759 1840 1
E 1759 1840 1
E 1759 1840 1
E 1759 1840 1
E 1759 1841 1
E 1759 1841 1
E 1759 1841 1
E 1759 1841 1
E 1759 1841 1
E 1759 1841 1
E 1759 1842 1
E 1759 1842 1
E 1759 1842 1
E 1759 1843 1
E 1759 1843 1
E 1759 1843 1
E 1759 1843 1
E 1759 1844 1
E 1759 1844 1
E 1759 1844 1
E 1759 1845 1
E 1759 1845 1
E 1759 1845 1
E 1759 1846 1
E 1759 1846 1
E 1759 1846 1
E 1759 1846 1
E 1759 1847 1
E 1759 1847 1
E 1759 1847 1
E 1759 1848 1
E 1759 1848 1
E 1759 1848 1
E 1759 1849 1
E 1759 1849 1
E 1759 1849 1
E 1759 1849 1
E 1759 1849 1
E 1759 1849 1
E 1759 1850 1
E 1759 1850 1
E 1759 1851 1
E 1759 1851 1
E 1759 1852 1
E 1759 1852 1
E 1759 1853 1
E 1759 1853 1
E 1759 1854 1
E 1759 1854 1
E 1759 1855 1
E 1759 1855 1
E 1759 1856 1
E 1759 1856 1
E 1759 1856 1
E 1759 1857 1
E 1759 1857 1
E 1759 1857 1
E 1759 1857 1
E 1759 1858 1
E 1759 1858 1
E 1759 1858 1
E 1759 1858 1
E 1759 765 1
E 1759 765 1
E 1759 765 1
E 1759 765 1
E 1759 1859 1
E 1759 235 1
E 1759 235 1
E 1759 235 1
E 1759 235 1
E 1759 235 1
E 1759 1860 1
E 1759 1860 1
E 1759 1860 1
E 1759 1860 1
E 1759 766 1
E 1759 766 1
E 1759 766 1
E 1759 766 1
E 1759 1861 1
E 1759 1861 1
E 1759 1861 1
E 1759 1861 1
E 1759 767 1
E 1759 768 1
E 1759 1862 1
E 1759 1862 1
E 1759 1862 1
E 1759 1862 1
E 1759 1863 1
E 1759 1863 1
E 1759 1863 1
E 1759 1864 1
E 1759 1864 1
E 1759 1864 1
E 1759 1865 1
E 1759 1865 1
E 1759 1865 1
E 1759 1866 1
E 1759 1866 1
E 1759 1866 1
E 1759 1867 1
E 1759 1867 1
E 1759 1867 1
E 1759 1867 1
E 1759 770 1
E 1759 770 1
E 1759 770 1
E 1759 770 1
E 1759 1322 1
E 1759 1322 1
E 1759 1322 1
E 1759 1322 1
E 1759 1322 1
E 1759 1322 1
E 1759 1868 1
E 1759 1868 1
E 1759 1868 1
E 1759 1868 1
E 1759 1868 1
E 1759 1868 1
E 1759 1869 1
E 1759 1869 1
E 1759 1869 1
E 1759 1869 1
E 1759 1870 1
E 1759 1870 1
E 1759 771 1
E 1759 1871 1
E 1759 1871 1
E 1759 1872 1
E 1759 1872 1
E 1759 1872 1
E 1759 1872 1
E 1759 1872 1
E 1759 1872 1
E 1759 772 1
E 1759 1873 1
E 1759 1874 1
E 1759 1874 1
E 1759 1874 1
E 1759 1874 1
E 1759 1874 1
E 1759 1874 1
E 1759 1875 1
E 1759 1875 1
E 1759 1875 1
E 1759 1876 1
E 1759 774 1
E 1759 774 1
E 1759 774 1
E 1759 774 1
E 1759 1877 1
E 1759 1878 1
E 1759 1878 1
E 1759 1878 1
E 1759 1878 1
E 1759 1879 1
E 1759 1880 1
E 1759 1881 1
E 1759 1882 1
E 1759 1883 1
E 1759 1884 1
E 1759 1885 1
E 1759 775 1
E 1759 775 1
E 1759 775 1
E 1759 775 1
E 1759 776 1
E 1759 776 1
E 1759 776 1
E 1759 776 1
E 1759 1886 1
E 1759 1886 1
E 1759 1886 1
E 1759 1886 1
E 1759 778 1
E 1759 779 1
E 1759 780 1
E 1759 780 1
E 1759 780 1
E 1759 780 1
E 1759 1887 1
E 1759 1887 1
E 1759 1887 1
E 1759 1888 1
E 1759 1889 1
E 1759 1889 1
E 1759 1889 1
E 1759 1889 1
E 1759 1889 1
E 1759 1889 1
E 1759 694 1
E 1759 694 1
E 1759 694 1
E 1759 694 1
E 1759 1890 1
E 1759 1891 1
E 1759 1891 1
E 1759 1891 1
E 1759 1892 1
E 1759 1892 1
E 1759 1892 1
E 1759 1892 1
E 1759 1893 1
E 1759 1893 1
E 1759 1893 1
E 1759 1893 1
E 1759 1894 1
E 1759 1894 1
E 1759 1894 1
E 1759 1894 1
E 1759 1895 1
E 1759 1895 1
E 1759 1895 1
E 1759 1895 1
E 1759 1896 1
E 1759 1896 1
E 1759 1896 1
E 1759 1896 1
E 1759 1897 1
E 1759 1897 1
E 1759 1897 1
E 1759 781 1
E 1759 1898 1
E 1759 1898 1
E 1759 1898 1
E 1759 1898 1
E 1759 1899 1
E 1759 1900 1
E 1759 1901 1
E 1759 1902 1
E 1759 1902 1
E 1759 1902 1
E 1759 1902 1
E 1759 1903 1
E 1759 1903 1
E 1759 1903 1
E 1759 1903 1
E 1759 1904 1
E 1759 1904 1
E 1759 1904 1
E 1759 1904 1
E 1759 1905 1
E 1759 1905 1
E 1759 1905 1
E 1759 1905 1
E 1759 1906 1
E 1759 1906 1
E 1759 1907 1
E 1759 1907 1
E 1759 1907 1
E 1759 1908 1
E 1759 1908 1
E 1759 1908 1
E 1759 1909 1
E 1759 1909 1
E 1759 1909 1
E 1759 1909 1
E 1759 1910 1
E 1759 1910 1
E 1759 1910 1
E 1759 1910 1
E 1759 1910 1
E 1759 1910 1
E 1759 1911 1
E 1759 1912 1
E 1759 1913 1
E 1759 1913 1
E 1759 1913 1
E 1759 1913 1
E 1759 1914 1
E 1759 784 1
E 1759 784 1
E 1759 784 1
E 1759 784 1
E 1759 74 1
E 1759 74 1
E 1759 74 1
E 1759 74 1
E 1759 1915 1
E 1759 1916 1
E 1759 1916 1
E 1759 1916 1
E 1759 1916 1
E 1759 1917 1
E 1759 785 1
E 1759 1918 1
E 1759 1918 1
E 1759 1918 1
E 1759 1918 1
E 1759 1919 1
E 1759 1920 1
E 1759 1920 1
E 1759 1920 1
E 1759 1920 1
E 1759 1921 1
E 1759 1921 1
E 1759 1921 1
E 1759 1921 1
E 1759 1922 1
E 1759 1923 1
E 1759 1923 1
E 1759 1923 1
E 1759 1923 1
E 1759 1924 1
E 1759 1924 1
E 1759 1924 1
E 1759 1924 1
E 1759 1925 1
E 1759 1925 1
E 1759 1925 1
E 1759 1925 1
E 1759 1926 1
E 1759 1926 1
E 1759 1926 1
E 1759 1926 1
E 1759 786 1
E 1759 787 1
E 1759 1927 1
E 1759 1927 1
E 1759 1927 1
E 1759 1928 1
E 1759 1928 1
E 1759 1928 1
E 1759 1928 1
E 1759 790 1
E 1759 790 1
E 1759 790 1
E 1759 790 1
E 1759 794 1
E 1759 794 1
E 1759 794 1
E 1759 794 1
E 1759 1929 1
E 1759 1929 1
E 1759 1929 1
E 1759 1929 1
E 1759 1930 1
E 1759 1930 1
E 1759 1930 1
E 1759 1930 1
E 905 1931 0
E 1931 1932 0
E 1761 1933 0
E 1933 1934 0
E 1934 1935 0
E 1935 1936 0
E 1936 1937 0
E 1937 1938 0
E 1938 1939 0
E 1939 1940 0
E 1941 1942 0
E 1942 1943 0
E 1762 1944 0
E 1944 1945 0
E 1945 1946 0
E 1947 1948 0
E 1948 1949 0
E 1950 1951 0
E 1952 1953 0
E 1953 1954 0
E 1954 1955 0
E 1260 1956 0
E 1957 1958 0
E 1958 1959 0
E 1959 1960 0
E 1960 1961 0
E 1961 1962 0
E 1956 1963 0
E 1963 1964 0
E 1964 1965 0
E 1965 1966 0
E 1966 1967 0
E 1967 1968 0
E 1968 1969 0
E 1969 1957 0
E 13 1970 0
E 1970 1971 0
E 1971 1972 0
E 1972 1973 0
E 1973 1974 0
E 1975 1976 0
E 1976 1977 0
E 1977 1978 0
E 1978 1979 0
E 1392 1980 0
E 1980 1981 0
E 1982 1983 0
E 1984 1985 0
E 1115 1986 0
E 1116 1987 0
E 1987 1988 0
E 1989 1990 0
E 1990 1991 0
E 1992 1993 0
E 1993 1994 0
E 1994 1995 0
E 1995 1996 0
E 1997 1998 0
E 1999 2000 0
E 2001 2002 0
E 2002 2003 0
E 2003 2004 0
E 2004 2005 0
E 1117 2006 0
E 2006 2007 0
E 1763 2008 0
E 1261 2009 0
E 1261 79 1
E 1261 79 1
E 1261 79 1
E 1261 140 1
E 1261 140 1
E 1261 113 1
E 1261 113 1
E 1261 113 1
E 1261 113 1
E 1261 113 1
E 1261 340 1
E 1261 340 1
E 1261 340 1
E 1261 384 1
E 1261 384 1
E 1261 356 1
E 1261 356 1
E 1261 356 1
E 1261 356 1
E 1261 356 1
E 1261 356 1
E 1261 356 1
E 1261 356 1
E 1261 356 1
E 1261 356 1
E 1080 2010 0
E 2010 2011 0
E 2010 815 1
E 2010 518 1
E 2010 518 1
E 2010 2012 1
E 761 2013 0
E 2014 2015 0
E 2016 2017 0
E 2017 2018 0
E 2018 2019 0
E 2020 2021 0
E 2021 2022 0
E 2022 2023 0
E 2023 2024 0
E 2025 2026 0
E 2025 2027 1
E 2028 2029 0
E 1764 2030 0
E 2030 2031 0
E 2031 2032 0
E 2031 859 1
E 2031 861 1
E 2031 943 1
E 2031 775 1
E 2033 2034 0
E 2034 2035 0
E 2036 2037 0
E 2036 11 1
E 2038 2039 0
E 2040 2041 0
E 2041 2042 0
E 1262 2043 0
E 1765 2044 0
E 2044 2045 0
E 2045 2046 0
E 2045 2028 1
E 2045 2047 1
E 2045 2048 1
E 2045 2049 1
E 1766 2050 0
E 2050 2051 0
E 2052 2053 0
E 2052 11 1
E 2054 2055 0
E 2054 176 1
E 2054 176 1
E 1767 2056 0
E 2056 2057 0
E 2057 2058 0
E 906 2059 0
E 14 2060 0
E 2060 2061 0
E 2061 2062 0
E 2063 2064 0
E 2065 2066 0
E 2067 2068 0
E 2069 2070 0
E 2070 2071 0
E 2072 2073 0
E 2073 2074 0
E 2074 2075 0
E 2076 2077 0
E 2077 2078 0
E 2079 2080 0
E 2080 2081 0
E 2080 2082 1
E 2080 2082 1
E 2080 2082 1
E 2083 2084 0
E 2084 2085 0
E 2086 2087 0
E 2087 2088 0
E 2087 2082 1
E 2087 2082 1
E 2089 2090 0
E 2090 2091 0
E 2092 2093 0
E 2093 2094 0
E 2094 2095 0
E 2096 2097 0
E 2097 2098 0
E 2098 2099 0
E 2099 2100 0
E 2099 1126 1
E 2099 1126 1
E 2099 1459 1
E 2099 1459 1
E 2099 1941 1
E 2099 1941 1
E 2099 2096 1
E 2099 2096 1
E 2099 2101 1
E 2099 2101 1
E 2099 2101 1
E 2099 2101 1
E 2099 2102 1
E 2099 2102 1
E 2099 2103 1
E 2099 2103 1
E 2099 2103 1
E 2099 2103 1
E 2099 2104 1
E 2099 2104 1
E 2099 2104 1
E 2099 2104 1
E 2099 2105 1
E 2099 2105 1
E 2099 2105 1
E 2099 2105 1
E 2099 2106 1
E 2099 2106 1
E 2099 2107 1
E 2099 2107 1
E 2099 2107 1
E 2099 2107 1
E 2099 2108 1
E 2099 2108 1
E 2099 2108 1
E 2099 2108 1
E 2099 2109 1
E 2099 2109 1
E 2099 1725 1
E 2099 1725 1
E 2099 2110 1
E 2099 2110 1
E 2099 2110 1
E 2099 2110 1
E 2099 2111 1
E 2099 2111 1
E 2099 2082 1
E 2099 2112 1
E 2099 2112 1
E 2099 2113 1
E 2099 2113 1
E 2099 2113 1
E 2099 2113 1
E 2099 2114 1
E 2099 2114 1
E 2099 349 1
E 2099 349 1
E 2101 2115 0
E 2115 2116 0
E 2116 2117 0
E 2117 2118 0
E 2118 2119 0
E 2119 2120 0
E 2102 2121 0
E 2121 2122 0
E 2122 2123 0
E 2123 2124 0
E 2103 2125 0
E 2125 2126 0
E 2126 2127 0
E 2127 2128 0
E 2128 2129 0
E 2129 2130 0
E 2104 2131 0
E 2131 2132 0
E 2132 2133 0
E 2133 2134 0
E 2134 2135 0
E 2135 2136 0
E 2137 2138 0
E 2138 2139 0
E 2139 2140 0
E 2140 2141 0
E 2142 2143 0
E 2143 2144 0
E 2144 2145 0
E 2145 2146 0
E 2145 2114 1
E 2145 2114 1
E 2145 349 1
E 2145 349 1
E 2145 349 1
E 2027 2147 0
E 2027 2106 1
E 2027 2106 1
E 2027 2082 1
E 2027 2082 1
E 2027 2082 1
E 2027 2082 1
E 2027 2148 1
E 2027 2149 1
E 2027 2149 1
E 2027 349 1
E 2027 349 1
E 2105 2150 0
E 2150 2151 0
E 2151 2152 0
E 2152 2153 0
E 2153 2154 0
E 2154 2155 0
E 2106 2156 0
E 2156 2157 0
E 2157 2158 0
E 2158 2159 0
E 2107 2160 0
E 2160 2161 0
E 2161 2162 0
E 2162 2163 0
E 2163 2164 0
E 2164 2165 0
E 2166 2167 0
E 2167 2168 0
E 2169 2170 0
E 2170 2171 0
E 2171 2172 0
E 2172 2173 0
E 2174 2175 0
E 2175 2176 0
E 2108 2177 0
E 2177 2178 0
E 2178 2179 0
E 2179 2180 0
E 2180 2181 0
E 2181 2182 0
E 2183 2184 0
E 2184 2185 0
E 2186 2187 0
E 2186 147 1
E 2186 1126 1
E 2186 9 1
E 2186 10 1
E 2186 1459 1
E 2186 2137 1
E 2186 2137 1
E 2186 2137 1
E 2186 2142 1
E 2186 2142 1
E 2186 2142 1
E 2186 2169 1
E 2186 2169 1
E 2186 2169 1
E 2186 2188 1
E 2186 2189 1
E 2186 2189 1
E 2186 2189 1
E 2186 1725 1
E 2186 2190 1
E 2186 2190 1
E 2186 2190 1
E 2186 2191 1
E 2186 2192 1
E 2186 2114 1
E 2186 349 1
E 2186 349 1
E 2186 2193 1
E 2186 2194 1
E 2186 2194 1
E 2186 2194 1
E 2186 2195 1
E 2186 2195 1
E 2186 2195 1
E 2196 2197 0
E 2197 2198 0
E 2188 2199 0
E 1263 2200 0
E 2201 2202 0
E 1264 2203 0
E 2204 2205 0
E 2203 2206 0
E 2206 2207 0
E 2207 2208 0
E 2208 2209 0
E 2209 2210 0
E 2210 2211 0
E 2211 2212 0
E 2212 2204 0
E 2109 2213 0
E 2213 2214 0
E 545 2215 0
E 2215 2216 0
E 2216 2217 0
E 2217 2218 0
E 2218 2219 0
E 2219 2220 0
E 2219 55 1
E 2219 55 1
E 2219 55 1
E 2219 179 1
E 2219 536 1
E 2219 536 1
E 2219 712 1
E 2219 981 1
E 2219 981 1
E 2219 981 1
E 2219 981 1
E 2219 981 1
E 2219 1989 1
E 2219 1989 1
E 2219 2063 1
E 2219 2221 1
E 2219 2222 1
E 2219 2223 1
E 2219 2224 1
E 2219 1124 1
E 2219 1124 1
E 2219 1124 1
E 2219 1124 1
E 2219 1125 1
E 2219 1125 1
E 2219 1125 1
E 2219 1125 1
E 1393 2225 0
E 2226 2227 0
E 2228 2229 0
E 2228 39 1
E 2228 39 1
E 2228 83 1
E 2228 83 1
E 2228 83 1
E 2228 83 1
E 2228 83 1
E 2228 83 1
E 2228 83 1
E 2228 83 1
E 2228 83 1
E 2228 83 1
E 2227 2230 0
E 2230 2231 0
E 2231 2232 0
E 2232 2233 0
E 2233 2234 0
E 2234 2235 0
E 2235 2236 0
E 2236 2228 0
E 11 2237 0
E 2238 2239 0
E 2239 2240 0
E 2240 2241 0
E 2241 2242 0
E 2242 2243 0
E 2242 83 1
E 2242 83 1
E 2242 140 1
E 2242 140 1
E 2242 156 1
E 2242 334 1
E 2242 384 1
E 2242 384 1
E 2242 384 1
E 2242 384 1
E 2242 384 1
E 2242 384 1
E 2242 384 1
E 2242 384 1
E 2242 356 1
E 2242 356 1
E 2242 356 1
E 2242 356 1
E 2242 356 1
E 2242 435 1
E 2242 147 1
E 2242 147 1
E 2242 508 1
E 2242 508 1
E 2242 5 1
E 2242 5 1
E 2242 525 1
E 2242 525 1
E 2242 525 1
E 2242 525 1
E 2242 416 1
E 2242 427 1
E 2242 578 1
E 2242 11 1
E 2242 11 1
E 2242 1419 1
E 2242 1334 1
E 2242 1334 1
E 2242 389 1
E 2242 12 1
E 2242 1732 1
E 2242 1732 1
E 2242 1732 1
E 2242 1732 1
E 2242 1732 1
E 2242 1732 1
E 2242 1732 1
E 2242 1732 1
E 2242 1732 1
E 2242 1742 1
E 2242 1392 1
E 2242 1982 1
E 2242 1984 1
E 2242 2226 1
E 2242 2226 1
E 2242 2226 1
E 2242 2226 1
E 2242 2226 1
E 2242 2226 1
E 2242 2226 1
E 2242 2226 1
E 2242 2226 1
E 2242 2226 1
E 2242 2025 1
E 2242 2036 1
E 2242 2052 1
E 2242 2201 1
E 2242 2244 1
E 2242 2245 1
E 2242 2246 1
E 2242 2247 1
E 2242 339 1
E 2242 339 1
E 2242 339 1
E 2242 339 1
E 2242 339 1
E 2242 339 1
E 2242 339 1
E 2242 2248 1
E 2242 2248 1
E 2242 2248 1
E 2242 1212 1
E 2242 1212 1
E 2242 1212 1
E 2242 1212 1
E 2242 1212 1
E 2242 1212 1
E 2242 1212 1
E 2242 1212 1
E 2242 1212 1
E 2242 1212 1
E 2237 2249 0
E 2249 2250 0
E 2250 2251 0
E 2251 2252 0
E 2252 2253 0
E 2253 2254 0
E 2254 2255 0
E 2255 2238 0
E 1326 1768 0
E 1768 2256 0
E 2256 2257 0
E 2257 2258 0
E 2244 2259 0
E 2244 1102 1
E 2244 1221 1
E 2244 904 1
E 2244 2260 1
E 1769 2261 0
E 2261 2262 0
E 2262 2263 0
E 2263 2264 0
E 2264 2265 0
E 2265 2266 0
E 2266 2267 0
E 2047 2268 0
E 1770 2269 0
E 2269 2270 0
E 2270 2271 0
E 2271 2272 0
E 2272 2273 0
E 2273 2274 0
E 2274 2275 0
E 2276 2277 0
E 2277 2278 0
E 1771 2279 0
E 2279 2280 0
E 2280 2281 0
E 2282 2283 0
E 2283 2284 0
E 2284 2285 0
E 2048 2286 0
E 1772 2287 0
E 2287 2288 0
E 2288 2289 0
E 2289 2290 0
E 2290 2291 0
E 2291 2292 0
E 2292 2293 0
E 907 2294 0
E 2246 2295 0
E 2295 2296 0
E 2296 2297 0
E 2297 2298 0
E 2297 501 1
E 2297 501 1
E 2297 530 1
E 2297 530 1
E 2297 575 1
E 2297 575 1
E 2297 682 1
E 2297 842 1
E 2297 842 1
E 2297 997 1
E 2297 997 1
E 2297 582 1
E 2297 582 1
E 2297 1018 1
E 2297 1018 1
E 2297 1027 1
E 2297 1027 1
E 2297 1031 1
E 2297 1031 1
E 2297 1060 1
E 2297 1060 1
E 2297 945 1
E 2297 945 1
E 2297 7 1
E 2297 7 1
E 2297 11 1
E 2297 1455 1
E 2297 1455 1
E 2297 1474 1
E 2297 1474 1
E 2297 1482 1
E 2297 1482 1
E 2297 1729 1
E 2297 1729 1
E 2297 1952 1
E 2297 1952 1
E 2297 2069 1
E 2297 2069 1
E 2297 2276 1
E 2297 2276 1
E 2297 2282 1
E 2297 2282 1
E 2297 2246 1
E 2297 2246 1
E 2297 2299 1
E 2297 2299 1
E 2297 2300 1
E 2297 2300 1
E 2297 2301 1
E 2297 2301 1
E 2297 2302 1
E 2297 2302 1
E 2297 2303 1
E 2297 2303 1
E 2297 2304 1
E 2297 2304 1
E 2297 2305 1
E 2297 2305 1
E 2297 2306 1
E 2297 2306 1
E 2297 592 1
E 2297 592 1
E 2297 2307 1
E 2297 2307 1
E 2297 2308 1
E 2297 2308 1
E 2297 688 1
E 2297 2309 1
E 2297 2309 1
E 2297 2310 1
E 2297 2310 1
E 2297 2311 1
E 2297 2311 1
E 2297 2312 1
E 2297 2312 1
E 2297 2313 1
E 2297 2313 1
E 2297 2314 1
E 2297 2314 1
E 2297 2315 1
E 2297 2315 1
E 2316 2317 0
E 2317 2318 0
E 2318 2319 0
E 2319 2320 0
E 1773 2321 0
E 2321 2322 0
E 2322 2323 0
E 2323 2324 0
E 2324 2325 0
E 2325 2326 0
E 2326 2327 0
E 1774 2328 0
E 2328 2329 0
E 2329 2330 0
E 2330 2331 0
E 2331 2332 0
E 2332 2333 0
E 2333 2334 0
E 2299 2335 0
E 2335 2336 0
E 2336 2337 0
E 2338 2339 0
E 2339 2340 0
E 2340 2341 0
E 2341 2342 0
E 1775 2343 0
E 2343 2344 0
E 2344 2345 0
E 2345 2346 0
E 2347 2348 0
E 2349 2350 0
E 2350 2351 0
E 2351 2352 0
E 2352 2353 0
E 946 2354 0
E 947 2355 0
E 948 2356 0
E 949 2357 0
E 950 2358 0
E 951 2359 0
E 952 2360 0
E 953 2361 0
E 954 2362 0
E 2362 2363 0
E 955 2364 0
E 956 2365 0
E 957 2366 0
E 1052 2367 0
E 2367 2368 0
E 958 2369 0
E 959 2370 0
E 2371 2372 0
E 2371 28 1
E 2371 904 1
E 2371 2016 1
E 2371 2016 1
E 2371 2016 1
E 2371 2373 1
E 2371 2374 1
E 2371 2304 1
E 2371 2375 1
E 2376 2377 0
E 960 2378 0
E 961 2379 0
E 962 2380 0
E 963 2381 0
E 964 2382 0
E 2383 2384 0
E 2384 2385 0
E 2385 2386 0
E 2386 2387 0
E 2388 2389 0
E 2389 2390 0
E 2390 2391 0
E 2391 2392 0
E 2247 2393 0
E 2394 2395 0
E 2395 2396 0
E 2395 2397 1
E 2245 2398 0
E 965 2399 0
E 966 2400 0
E 2401 2402 0
E 2400 2403 0
E 2403 2404 0
E 2404 2405 0
E 2405 2406 0
E 2406 2407 0
E 2407 2408 0
E 2408 2409 0
E 2409 2401 0
E 1776 2410 0
E 2410 2411 0
E 2411 2412 0
E 2412 2413 0
E 2413 2414 0
E 2414 2415 0
E 2415 2416 0
E 1265 2417 0
E 1265 106 1
E 1265 106 1
E 1265 106 1
E 1265 106 1
E 1265 106 1
E 1265 106 1
E 1265 113 1
E 1265 113 1
E 1265 113 1
E 1265 113 1
E 1265 113 1
E 1265 113 1
E 1265 385 1
E 1265 385 1
E 1265 385 1
E 1265 385 1
E 1265 385 1
E 1265 385 1
E 1265 1260 1
E 1265 1260 1
E 1265 1260 1
E 1265 1260 1
E 1265 1260 1
E 1265 1260 1
E 2418 2419 0
E 2419 2420 0
E 2420 2421 0
E 2421 2422 0
E 1777 2423 0
E 2423 2424 0
E 2424 2425 0
E 2425 2426 0
E 2426 2427 0
E 2427 2428 0
E 2428 2429 0
E 2430 2431 0
E 1778 2432 0
E 2432 2433 0
E 2433 2434 0
E 2434 2435 0
E 2435 2436 0
E 2436 2437 0
E 2438 2439 0
E 2439 2440 0
E 2440 2441 0
E 2441 2442 0
E 1779 2443 0
E 2443 2444 0
E 2444 2445 0
E 2445 2446 0
E 2446 2447 0
E 2447 2448 0
E 2448 2449 0
E 2449 2450 0
E 2449 1779 1
E 2451 2452 0
E 2452 2453 0
E 2453 2454 0
E 2454 2455 0
E 1780 2456 0
E 2457 2458 0
E 2456 2459 0
E 2459 2460 0
E 2460 2461 0
E 2461 2462 0
E 2462 2463 0
E 2463 2464 0
E 2464 2465 0
E 2465 2457 0
E 1118 2466 0
E 2466 2467 0
E 2467 2468 0
E 2468 2469 0
E 2469 2470 0
E 2470 2471 0
E 2470 68 1
E 2470 1104 1
E 2470 1104 1
E 2470 1104 1
E 2470 1104 1
E 2470 1104 1
E 2470 1104 1
E 2470 2472 1
E 2470 2473 1
E 2470 74 1
E 2470 74 1
E 2470 74 1
E 2470 74 1
E 2470 74 1
E 2470 74 1
E 2474 2475 0
E 2475 2476 0
E 2476 2477 0
E 2477 2478 0
E 1781 2479 0
E 2479 2480 0
E 2480 2481 0
E 2481 2482 0
E 2482 2483 0
E 2483 2484 0
E 2484 2485 0
E 1321 2486 0
E 2487 2488 0
E 2488 2489 0
E 2489 2490 0
E 2490 2491 0
E 1119 2492 0
E 1783 2493 0
E 2493 2494 0
E 2494 2495 0
E 2495 2496 0
E 2497 2498 0
E 1120 2499 0
E 2499 2500 0
E 2499 2394 1
E 2499 2394 1
E 2501 2502 0
E 2502 2503 0
E 2503 2504 0
E 2504 2505 0
E 1266 2506 0
E 2506 2507 0
E 1041 2508 0
E 2508 2509 0
E 2509 2510 0
E 2509 1035 1
E 2509 1035 1
E 2509 1043 1
E 2509 1043 1
E 2509 1043 1
E 2300 2511 0
E 2511 2512 0
E 762 2513 0
E 2301 2514 0
E 2514 2515 0
E 1784 2516 0
E 1785 2517 0
E 1786 2518 0
E 2518 2519 0
E 2519 2520 0
E 2520 2521 0
E 1787 2522 0
E 2522 2523 0
E 2523 2524 0
E 2523 861 1
E 2523 861 1
E 2523 861 1
E 2523 1202 1
E 2523 1801 1
E 2523 1801 1
E 2523 1801 1
E 2523 2525 1
E 2523 2525 1
E 2523 2525 1
E 2523 1848 1
E 2523 1848 1
E 2523 1848 1
E 2523 775 1
E 2523 775 1
E 2523 775 1
E 2221 2526 0
E 2189 2527 0
E 2527 2528 0
E 2528 2529 0
E 2529 2530 0
E 1725 2531 0
E 2531 2532 0
E 2532 2533 0
E 2533 2534 0
E 2534 2535 0
E 2535 2536 0
E 2535 147 1
E 2535 1014 1
E 2535 1947 1
E 2535 1950 1
E 2535 2038 1
E 2535 2040 1
E 2535 2040 1
E 2535 2072 1
E 2535 2076 1
E 2535 2076 1
E 2535 2079 1
E 2535 2079 1
E 2535 2083 1
E 2535 2083 1
E 2535 2086 1
E 2535 2086 1
E 2535 2089 1
E 2535 2092 1
E 2535 2096 1
E 2535 2096 1
E 2535 2101 1
E 2535 2101 1
E 2535 2102 1
E 2535 2102 1
E 2535 2103 1
E 2535 2103 1
E 2535 2104 1
E 2535 2104 1
E 2535 2137 1
E 2535 2142 1
E 2535 2105 1
E 2535 2105 1
E 2535 2107 1
E 2535 2107 1
E 2535 2166 1
E 2535 2166 1
E 2535 2169 1
E 2535 2174 1
E 2535 2174 1
E 2535 2108 1
E 2535 2108 1
E 2535 2183 1
E 2535 2183 1
E 2535 2186 1
E 2535 2196 1
E 2535 2189 1
E 2535 2190 1
E 2535 2537 1
E 2535 2537 1
E 2535 2538 1
E 2535 2110 1
E 2535 2110 1
E 2535 2111 1
E 2535 2111 1
E 2535 2539 1
E 2535 2539 1
E 2535 269 1
E 2535 1269 1
E 2535 2540 1
E 2535 2541 1
E 2535 2113 1
E 2535 2113 1
E 2535 2542 1
E 2535 2194 1
E 2535 2195 1
E 2190 2543 0
E 2543 2544 0
E 2544 2545 0
E 2545 2546 0
E 1267 2547 0
E 1267 8 1
E 1267 353 1
E 1267 1259 1
E 1267 13 1
E 1267 1975 1
E 1267 1269 1
E 1267 1269 1
E 1267 22 1
E 2548 2549 0
E 2549 2550 0
E 2550 2551 0
E 2551 2552 0
E 346 2553 0
E 347 2554 0
E 2554 2555 0
E 2554 349 1
E 2537 2556 0
E 2556 2557 0
E 2538 2558 0
E 2558 2559 0
E 2558 9 1
E 2558 2072 1
E 2558 2092 1
E 2558 2260 1
E 2558 2540 1
E 2558 349 1
E 2110 2560 0
E 2560 2561 0
E 2561 2562 0
E 2562 2563 0
E 2563 2564 0
E 2564 2565 0
E 2111 2566 0
E 2566 2567 0
E 2567 2568 0
E 2568 2569 0
E 2539 2570 0
E 2570 2571 0
E 2572 2573 0
E 269 2574 0
E 2574 2575 0
E 2574 2 1
E 2574 2 1
E 2574 2 1
E 2574 2 1
E 2574 2 1
E 2574 2 1
E 2574 340 1
E 2574 147 1
E 2574 147 1
E 2574 147 1
E 2574 147 1
E 2574 147 1
E 2574 147 1
E 2574 147 1
E 2574 147 1
E 2574 147 1
E 2574 147 1
E 2574 9 1
E 2574 9 1
E 2574 9 1
E 2574 9 1
E 2574 9 1
E 2574 9 1
E 2574 9 1
E 2574 9 1
E 2574 9 1
E 2574 268 1
E 2574 268 1
E 2574 268 1
E 2574 268 1
E 2574 268 1
E 2574 1947 1
E 2574 2072 1
E 2574 2089 1
E 2574 2092 1
E 2574 2196 1
E 2574 1725 1
E 2574 2538 1
E 2574 270 1
E 2574 270 1
E 2574 270 1
E 2574 270 1
E 2574 270 1
E 2574 270 1
E 2574 271 1
E 2574 271 1
E 2574 271 1
E 2574 271 1
E 2574 271 1
E 2574 271 1
E 2574 1270 1
E 2574 1270 1
E 2574 1270 1
E 2574 1270 1
E 2574 1270 1
E 2574 1270 1
E 2574 272 1
E 2574 272 1
E 2574 272 1
E 2574 272 1
E 2574 272 1
E 2574 272 1
E 2574 273 1
E 2574 273 1
E 2574 273 1
E 2574 273 1
E 2574 273 1
E 2574 273 1
E 2574 2540 1
E 2574 2541 1
E 2574 2541 1
E 2574 2541 1
E 2574 2541 1
E 2574 2541 1
E 2574 17 1
E 2574 17 1
E 2574 17 1
E 2574 17 1
E 2574 17 1
E 2574 17 1
E 2574 274 1
E 2574 274 1
E 2574 274 1
E 2574 274 1
E 2574 274 1
E 2574 274 1
E 2574 2114 1
E 2574 21 1
E 2574 21 1
E 2574 21 1
E 2574 21 1
E 2574 21 1
E 2574 21 1
E 2574 21 1
E 2574 22 1
E 2574 22 1
E 2574 22 1
E 2574 22 1
E 2574 22 1
E 2574 22 1
E 1042 2576 0
E 1788 2577 0
E 2577 2578 0
E 2578 2579 0
E 2579 2580 0
E 2260 2581 0
E 2581 2582 0
E 2582 2583 0
E 2583 2584 0
E 15 2585 0
E 2585 2586 0
E 2586 2587 0
E 2587 2588 0
E 2588 2589 0
E 2588 643 1
E 2588 1087 1
E 2588 1100 1
E 2588 1104 1
E 2588 1222 1
E 2588 1631 1
E 2588 203 1
E 2588 1116 1
E 2588 2054 1
E 2588 2582 1
E 2588 2582 1
E 2588 15 1
E 2588 15 1
E 2588 2590 1
E 2588 2590 1
E 2588 206 1
E 2588 2591 1
E 2588 2591 1
E 2588 2591 1
E 2588 2592 1
E 2588 2593 1
E 2588 2594 1
E 2588 2595 1
E 2588 74 1
E 2588 74 1
E 2588 74 1
E 2588 2596 1
E 2588 2596 1
E 2588 2596 1
E 1789 2597 0
E 2597 2598 0
E 2598 2599 0
E 1790 2600 0
E 2600 2601 0
E 2601 2602 0
E 2602 2603 0
E 1791 2604 0
E 2604 2605 0
E 2605 2606 0
E 2606 2607 0
E 1792 2608 0
E 2608 2609 0
E 2609 2610 0
E 2610 2611 0
E 2373 2612 0
E 2612 2613 0
E 1793 2614 0
E 2222 2615 0
E 2223 2616 0
E 2302 2617 0
E 2617 2618 0
E 2619 2620 0
E 2620 2621 0
E 2621 2622 0
E 2622 2623 0
E 849 2624 0
E 2625 2626 0
E 1794 2627 0
E 2627 2628 0
E 2628 2629 0
E 1795 2630 0
E 2630 2631 0
E 2631 2632 0
E 2632 2633 0
E 1796 2634 0
E 1797 2635 0
E 2635 2636 0
E 2636 2637 0
E 2637 2638 0
E 2638 2639 0
E 2639 2640 0
E 2640 2641 0
E 2590 2642 0
E 2642 2643 0
E 1798 2644 0
E 2644 2645 0
E 2645 2646 0
E 1799 2647 0
E 2647 2648 0
E 2648 2649 0
E 2650 2651 0
E 2651 2652 0
E 2652 2653 0
E 2653 2654 0
E 2655 2656 0
E 2656 2657 0
E 2657 2658 0
E 2658 2659 0
E 2660 2661 0
E 2661 2662 0
E 2662 2663 0
E 2663 2664 0
E 1800 2665 0
E 2665 2666 0
E 2666 2667 0
E 2667 2668 0
E 2668 2669 0
E 2669 2670 0
E 2670 2671 0
E 1121 2672 0
E 546 2673 0
E 1122 2674 0
E 2674 2675 0
E 1801 2676 0
E 2676 2677 0
E 2677 2678 0
E 2678 2679 0
E 2679 2680 0
E 2680 2681 0
E 1802 2682 0
E 2682 2683 0
E 2683 2684 0
E 1803 2685 0
E 2685 2686 0
E 2686 2687 0
E 1804 2688 0
E 2688 2689 0
E 2689 2690 0
E 1805 2691 0
E 2691 2692 0
E 2692 2693 0
E 1806 2694 0
E 2694 2695 0
E 2695 2696 0
E 1807 2697 0
E 2697 2698 0
E 2698 2699 0
E 2700 2701 0
E 2701 2702 0
E 2702 2703 0
E 2703 2704 0
E 2705 2706 0
E 2706 2707 0
E 2707 2708 0
E 2708 2709 0
E 547 2710 0
E 2711 2712 0
E 2712 2713 0
E 2713 2714 0
E 2714 2715 0
E 2716 2717 0
E 2717 2718 0
E 2718 2719 0
E 2719 2720 0
E 1808 2721 0
E 2721 2722 0
E 2722 2723 0
E 2723 2724 0
E 2724 2725 0
E 2725 2726 0
E 2726 2727 0
E 2728 2729 0
E 2729 2730 0
E 2730 2731 0
E 2731 2732 0
E 1809 2733 0
E 2733 2734 0
E 2734 2735 0
E 2735 2736 0
E 2736 2737 0
E 2737 2738 0
E 2738 2739 0
E 2740 2741 0
E 2741 2742 0
E 2742 2743 0
E 2743 2744 0
E 1810 2745 0
E 2745 2746 0
E 2746 2747 0
E 2747 2748 0
E 2748 2749 0
E 2749 2750 0
E 2750 2751 0
E 548 2752 0
E 1123 2753 0
E 1123 1104 1
E 549 2754 0
E 1811 2755 0
E 2755 2756 0
E 2756 2757 0
E 2757 2758 0
E 2758 2759 0
E 2759 2760 0
E 2760 2761 0
E 2224 2762 0
E 270 2763 0
E 2763 2764 0
E 2764 2765 0
E 2765 2766 0
E 2766 2767 0
E 2767 2768 0
E 2768 2769 0
E 1812 2770 0
E 2771 2772 0
E 2772 2773 0
E 2773 2774 0
E 2774 2775 0
E 2776 2777 0
E 2777 2778 0
E 2778 2779 0
E 2779 2780 0
E 1813 2781 0
E 2781 2782 0
E 1814 2783 0
E 1053 2784 0
E 2784 2785 0
E 2785 2786 0
E 2786 2787 0
E 2787 2788 0
E 1815 2789 0
E 2789 2790 0
E 2790 2791 0
E 2791 2792 0
E 2792 2793 0
E 2793 2794 0
E 2794 2795 0
E 2796 2797 0
E 2797 2798 0
E 2798 2799 0
E 2799 2800 0
E 2801 2802 0
E 2802 2803 0
E 2803 2804 0
E 2804 2805 0
E 1816 2806 0
E 2806 2807 0
E 2807 2808 0
E 2808 2809 0
E 2809 2810 0
E 2810 2811 0
E 2811 2812 0
E 2813 2814 0
E 2814 2815 0
E 2815 2816 0
E 2816 2817 0
E 1817 2818 0
E 2818 2819 0
E 2819 2820 0
E 2820 2821 0
E 2821 2822 0
E 2822 2823 0
E 2823 2824 0
E 1081 2825 0
E 2825 2826 0
E 2826 2827 0
E 1818 2828 0
E 2828 2829 0
E 2829 2830 0
E 2830 2831 0
E 2831 2832 0
E 2832 2833 0
E 1819 2834 0
E 2834 2835 0
E 1124 2836 0
E 2836 2837 0
E 2837 2838 0
E 2838 2839 0
E 2839 2840 0
E 1125 2841 0
E 2842 2843 0
E 2843 2844 0
E 2844 2845 0
E 2845 2846 0
E 2846 2847 0
E 2841 2848 0
E 2848 2849 0
E 2849 2850 0
E 2850 2851 0
E 2851 2852 0
E 2852 2853 0
E 2853 2854 0
E 2854 2842 0
E 1082 2855 0
E 2855 2856 0
E 2855 115 1
E 2855 1698 1
E 550 2857 0
E 2857 2858 0
E 2858 2859 0
E 204 2860 0
E 205 2861 0
E 2861 2862 0
E 2862 2863 0
E 2863 2864 0
E 2374 2865 0
E 2865 2866 0
E 206 2867 0
E 2867 2868 0
E 2869 2870 0
E 1820 2871 0
E 2303 2872 0
E 2872 2873 0
E 1394 2874 0
E 2875 2876 0
E 2876 2877 0
E 1821 2878 0
E 2878 2879 0
E 2879 2880 0
E 1268 2881 0
E 2881 2882 0
E 207 2883 0
E 2884 2885 0
E 2886 2887 0
E 2887 2888 0
E 2304 2889 0
E 2889 2890 0
E 2890 2891 0
E 2890 28 1
E 2890 904 1
E 2890 2371 1
E 2890 2373 1
E 2890 2374 1
E 2892 2893 0
E 2894 2895 0
E 2895 2896 0
E 2897 2898 0
E 2898 2899 0
E 2899 2900 0
E 2900 2901 0
E 2902 2903 0
E 2903 2904 0
E 2904 2905 0
E 2905 2906 0
E 2907 2908 0
E 2908 2909 0
E 2909 2910 0
E 2910 2911 0
E 1822 2912 0
E 2912 2913 0
E 2914 2915 0
E 2915 2916 0
E 2916 2917 0
E 2917 2918 0
E 339 2919 0
E 2920 2921 0
E 2921 1782 0
E 2921 140 1
E 2921 334 1
E 2921 334 1
E 2921 334 1
E 2921 147 1
E 2921 147 1
E 1782 2922 0
E 2922 2923 0
E 2919 2924 0
E 2924 2925 0
E 2925 2926 0
E 2926 2927 0
E 2927 2928 0
E 2928 2929 0
E 2929 2930 0
E 2930 2920 0
E 763 2931 0
E 1269 2932 0
E 2933 2934 0
E 2934 2935 0
E 2935 2936 0
E 2936 2937 0
E 2937 2938 0
E 2938 2939 0
E 2939 2940 0
E 2940 2941 0
E 2941 2942 0
E 2942 2943 0
E 2942 147 1
E 2942 1094 1
E 2942 385 1
E 2942 387 1
E 2932 2944 0
E 2944 2945 0
E 2945 2946 0
E 2946 2947 0
E 2947 2948 0
E 2948 2949 0
E 2949 2950 0
E 2950 2933 0
E 1823 2951 0
E 2951 2952 0
E 2952 2953 0
E 2953 2954 0
E 2955 2956 0
E 2956 2957 0
E 2957 2958 0
E 1824 2959 0
E 2959 2960 0
E 2960 2961 0
E 2961 2962 0
E 2963 2964 0
E 2191 2965 0
E 271 2966 0
E 2966 2967 0
E 2967 2968 0
E 2968 2969 0
E 2969 2970 0
E 2970 2971 0
E 2971 2972 0
E 2971 147 1
E 2971 147 1
E 2971 147 1
E 2971 147 1
E 2971 147 1
E 2971 7 1
E 2971 349 1
E 2971 21 1
E 2971 22 1
E 2973 2974 0
E 2975 2976 0
E 2977 2978 0
E 2979 2980 0
E 1825 2981 0
E 2981 2982 0
E 2982 2983 0
E 1826 2984 0
E 2984 2985 0
E 2985 2986 0
E 2987 2988 0
E 2082 2989 0
E 2990 2991 0
E 2989 2992 0
E 2992 2993 0
E 2993 2994 0
E 2994 2995 0
E 2995 2996 0
E 2996 2997 0
E 2997 2998 0
E 2998 2990 0
E 1270 2999 0
E 2999 3000 0
E 3000 3001 0
E 3001 3002 0
E 3002 3003 0
E 3003 3004 0
E 3004 3005 0
E 3004 147 1
E 2112 3006 0
E 3006 3007 0
E 2192 3008 0
E 272 3009 0
E 3009 3010 0
E 3010 3011 0
E 3011 3012 0
E 3012 3013 0
E 3013 3014 0
E 3014 3015 0
E 273 3016 0
E 3016 3017 0
E 3017 3018 0
E 3018 3019 0
E 3019 3020 0
E 3020 3021 0
E 3021 3022 0
E 2012 3023 0
E 3024 3025 0
E 3025 3026 0
E 3026 3027 0
E 3027 3028 0
E 192 1054 0
E 1054 3029 0
E 1827 3030 0
E 3030 3031 0
E 3030 2869 1
E 2540 3032 0
E 3032 3033 0
E 3033 3034 0
E 1055 3035 0
E 3035 3036 0
E 1327 3037 0
E 590 3038 0
E 3039 3040 0
E 3040 3041 0
E 3041 3042 0
E 3042 3043 0
E 908 551 0
E 551 3044 0
E 2591 3045 0
E 3045 3046 0
E 3046 3047 0
E 2375 3048 0
E 3049 3050 0
E 3050 3051 0
E 3051 3052 0
E 3052 3053 0
E 1395 3054 0
E 3055 3056 0
E 3056 3057 0
E 3057 3058 0
E 3058 3059 0
E 3060 3061 0
E 3061 3062 0
E 1828 3063 0
E 3063 3064 0
E 3064 3065 0
E 3065 3066 0
E 3066 3067 0
E 3067 3068 0
E 2148 3069 0
E 3070 3071 0
E 3071 3072 0
E 3072 3073 0
E 3073 3074 0
E 3074 3075 0
E 3076 3077 0
E 1829 3078 0
E 3078 3079 0
E 3079 3080 0
E 3081 3082 0
E 3083 3084 0
E 3084 3085 0
E 3085 3086 0
E 3086 3087 0
E 909 3088 0
E 3088 3089 0
E 2305 3090 0
E 3090 3091 0
E 3091 764 0
E 3091 668 1
E 3091 804 1
E 3091 1467 1
E 3091 1727 1
E 3091 2306 1
E 3091 2309 1
E 3091 3092 1
E 3091 3093 1
E 3091 3094 1
E 3091 3095 1
E 3091 3096 1
E 3091 3097 1
E 764 3098 0
E 3098 3099 0
E 3100 3101 0
E 1830 3102 0
E 3102 3103 0
E 3103 3104 0
E 3104 3105 0
E 3104 3100 1
E 552 3106 0
E 3107 3108 0
E 3108 3109 0
E 3109 3110 0
E 3110 3111 0
E 1831 3112 0
E 3112 3113 0
E 3113 3114 0
E 3114 3115 0
E 3115 3116 0
E 3116 3117 0
E 3117 3118 0
E 812 3119 0
E 3119 3120 0
E 591 3121 0
E 3121 3122 0
E 3122 3123 0
E 2306 3124 0
E 3124 3125 0
E 3125 3126 0
E 3127 3128 0
E 3129 3130 0
E 3131 3132 0
E 3133 3134 0
E 3134 3135 0
E 3136 3137 0
E 3138 3139 0
E 3139 3140 0
E 592 3141 0
E 3141 3142 0
E 3142 3143 0
E 3143 3144 0
E 3144 3145 0
E 3145 3146 0
E 1056 3147 0
E 3147 3148 0
E 1832 3149 0
E 3149 3150 0
E 3150 3151 0
E 1833 3152 0
E 3152 3153 0
E 3153 3154 0
E 1834 3155 0
E 3155 3156 0
E 3156 3157 0
E 1835 3158 0
E 3158 3159 0
E 3159 3160 0
E 1836 3161 0
E 3161 3162 0
E 3162 3163 0
E 1837 3164 0
E 3164 3165 0
E 3165 3166 0
E 1838 3167 0
E 3167 3168 0
E 3168 3169 0
E 1839 3170 0
E 3170 3171 0
E 3171 3172 0
E 1840 3173 0
E 3173 3174 0
E 3174 3175 0
E 3175 3176 0
E 3176 3177 0
E 3177 3178 0
E 1841 3179 0
E 3179 3180 0
E 3180 3181 0
E 3181 3182 0
E 3182 3183 0
E 3183 3184 0
E 1842 3185 0
E 3185 3186 0
E 3186 3187 0
E 1843 3188 0
E 3188 3189 0
E 3189 3190 0
E 3190 3191 0
E 1844 3192 0
E 3192 3193 0
E 3193 3194 0
E 1846 3195 0
E 3195 3196 0
E 3196 3197 0
E 3197 3198 0
E 1845 3199 0
E 3199 3200 0
E 3200 3201 0
E 3202 3203 0
E 16 3204 0
E 3204 3205 0
E 3205 3206 0
E 3205 384 1
E 3205 387 1
E 3205 387 1
E 3205 1269 1
E 3205 3207 1
E 2541 3208 0
E 3208 3209 0
E 3209 3210 0
E 3210 3211 0
E 3211 3212 0
E 3212 3213 0
E 2525 3214 0
E 3214 3215 0
E 3215 3216 0
E 17 3217 0
E 3218 3219 0
E 3219 1847 0
E 1847 3220 0
E 3220 3221 0
E 3221 3222 0
E 3217 3223 0
E 3223 3224 0
E 3224 3225 0
E 3225 3226 0
E 3226 3227 0
E 3227 3228 0
E 3228 3229 0
E 3229 3218 0
E 1848 3230 0
E 3230 3231 0
E 3231 3232 0
E 3232 3233 0
E 3233 3234 0
E 3234 3235 0
E 1849 3236 0
E 3236 3237 0
E 3237 3238 0
E 3238 3239 0
E 3239 3240 0
E 3240 3241 0
E 274 3242 0
E 3242 3243 0
E 3243 3244 0
E 3244 3245 0
E 3245 3246 0
E 3246 3247 0
E 3247 3248 0
E 3248 3249 0
E 18 3250 0
E 3250 3251 0
E 3251 3252 0
E 3252 3253 0
E 3253 3254 0
E 3254 3255 0
E 3255 3256 0
E 3256 3257 0
E 3257 3258 0
E 3257 8 1
E 3257 22 1
E 19 3259 0
E 1271 3260 0
E 3260 3261 0
E 2307 3262 0
E 3262 3263 0
E 3264 3265 0
E 3265 3266 0
E 3266 3267 0
E 2308 3268 0
E 3268 3269 0
E 3268 236 1
E 3268 530 1
E 3268 571 1
E 3268 575 1
E 3268 682 1
E 3268 842 1
E 3268 997 1
E 3268 582 1
E 3268 1018 1
E 3268 1027 1
E 3268 1031 1
E 3268 1060 1
E 3268 945 1
E 3268 7 1
E 3268 1474 1
E 3268 1482 1
E 3268 1952 1
E 3268 2033 1
E 3268 2033 1
E 3268 2067 1
E 3268 2282 1
E 3268 2246 1
E 3268 2299 1
E 3268 2305 1
E 3268 592 1
E 3268 2311 1
E 3268 3270 1
E 1850 3271 0
E 3271 3272 0
E 3273 3274 0
E 3274 3275 0
E 3275 3276 0
E 3276 3277 0
E 1851 3278 0
E 3278 3279 0
E 1852 3280 0
E 3280 3281 0
E 3282 3283 0
E 3283 3284 0
E 3284 3285 0
E 3285 3286 0
E 1853 3287 0
E 3287 3288 0
E 1854 3289 0
E 3289 3290 0
E 3289 518 1
E 3289 518 1
E 3289 518 1
E 3289 518 1
E 3289 2501 1
E 3289 2501 1
E 3289 2501 1
E 3289 2501 1
E 3289 1818 1
E 3289 1818 1
E 3289 1818 1
E 3289 1818 1
E 3289 2875 1
E 3289 2875 1
E 3289 2886 1
E 3289 2886 1
E 3289 2902 1
E 3289 2902 1
E 3289 2902 1
E 3289 2902 1
E 3289 2907 1
E 3289 2907 1
E 3289 2907 1
E 3289 2907 1
E 3289 2914 1
E 3289 2914 1
E 3289 2914 1
E 3289 2914 1
E 3289 2957 1
E 3289 3039 1
E 3289 3039 1
E 3289 3039 1
E 3289 3039 1
E 3289 3264 1
E 3289 3264 1
E 3289 3264 1
E 3289 3291 1
E 3289 3292 1
E 3289 3292 1
E 3289 3292 1
E 3289 3292 1
E 3289 3293 1
E 3289 3293 1
E 3289 3293 1
E 3289 3293 1
E 3289 1871 1
E 3289 1871 1
E 3289 1871 1
E 3289 1871 1
E 3289 3294 1
E 3289 3294 1
E 3289 3294 1
E 3289 3294 1
E 1855 3295 0
E 3295 3296 0
E 3297 3298 0
E 3298 3299 0
E 3299 3300 0
E 3300 3301 0
E 3302 3303 0
E 3303 3304 0
E 3304 3305 0
E 3305 3306 0
E 1856 3307 0
E 3307 3308 0
E 3308 3309 0
E 3309 3310 0
E 3310 3311 0
E 3311 3312 0
E 3312 3313 0
E 3314 3315 0
E 3315 3316 0
E 3316 3317 0
E 3317 3318 0
E 3291 3319 0
E 1857 3320 0
E 3320 3321 0
E 3321 3322 0
E 3322 3323 0
E 3322 42 1
E 3322 437 1
E 3322 557 1
E 3322 614 1
E 3322 614 1
E 3322 866 1
E 3322 868 1
E 3322 883 1
E 3322 977 1
E 3322 988 1
E 3322 1357 1
E 3322 1744 1
E 3322 2347 1
E 3322 2497 1
E 3322 2625 1
E 3322 2987 1
E 3322 3070 1
E 3322 3088 1
E 3322 3119 1
E 3322 3202 1
E 3322 1858 1
E 3322 1858 1
E 3322 765 1
E 3322 765 1
E 3322 765 1
E 3322 765 1
E 3322 3324 1
E 3322 3324 1
E 3322 3324 1
E 3322 3324 1
E 3322 1867 1
E 3322 1867 1
E 3322 3325 1
E 3322 3326 1
E 3322 3326 1
E 3322 3326 1
E 3322 3327 1
E 3322 1322 1
E 3322 1322 1
E 3322 1322 1
E 3322 1322 1
E 3322 3328 1
E 3322 3329 1
E 3322 3329 1
E 3322 3329 1
E 3322 3329 1
E 3322 3329 1
E 3322 3329 1
E 3322 3329 1
E 3322 3329 1
E 3322 3329 1
E 3322 3329 1
E 3322 3330 1
E 3322 3330 1
E 3322 3331 1
E 3322 3331 1
E 3322 3331 1
E 3322 3331 1
E 3322 3332 1
E 3322 3332 1
E 3322 3333 1
E 3322 1907 1
E 3322 1908 1
E 3322 3334 1
E 3322 3335 1
E 3322 3336 1
E 3322 3337 1
E 3322 3337 1
E 1858 3338 0
E 3338 3339 0
E 3339 3340 0
E 3340 3341 0
E 3341 3342 0
E 3342 3343 0
E 1859 3344 0
E 765 3345 0
E 3345 3346 0
E 3346 3347 0
E 3347 3348 0
E 3348 3349 0
E 3349 3350 0
E 3350 3351 0
E 3351 3352 0
E 3352 3353 0
E 3354 3355 0
E 208 3356 0
E 3356 3357 0
E 209 3358 0
E 235 3359 0
E 3359 3360 0
E 3360 3361 0
E 3361 3362 0
E 3362 3363 0
E 3363 3364 0
E 1860 3365 0
E 3365 3366 0
E 3366 3367 0
E 3367 3368 0
E 2248 3369 0
E 3369 3370 0
E 3370 3371 0
E 3370 156 1
E 3370 3 1
E 688 3372 0
E 3372 3373 0
E 3373 3374 0
E 3374 766 0
E 3374 150 1
E 3374 181 1
E 3374 682 1
E 3374 682 1
E 3374 682 1
E 766 3375 0
E 3375 3376 0
E 3376 3377 0
E 3377 3378 0
E 3378 3379 0
E 910 3380 0
E 593 3381 0
E 3292 3382 0
E 3382 3383 0
E 3383 3384 0
E 3384 3385 0
E 3386 3387 0
E 3387 3388 0
E 3388 3389 0
E 3389 3390 0
E 3391 3392 0
E 3392 3393 0
E 3393 3394 0
E 3394 3395 0
E 3395 3396 0
E 1083 3397 0
E 3397 3398 0
E 1861 3399 0
E 3399 3400 0
E 3400 3401 0
E 3401 3402 0
E 3402 3403 0
E 3403 3404 0
E 3404 3405 0
E 3404 23 1
E 3404 23 1
E 3404 23 1
E 3404 23 1
E 3404 154 1
E 767 3406 0
E 3406 3407 0
E 2309 3408 0
E 3408 3409 0
E 3409 3410 0
E 3411 3412 0
E 3412 3413 0
E 3413 3414 0
E 3414 3415 0
E 3416 3417 0
E 3417 3418 0
E 3418 3419 0
E 3419 3420 0
E 3421 3422 0
E 3422 3423 0
E 3423 3424 0
E 3424 3425 0
E 768 3426 0
E 3426 3427 0
E 911 3428 0
E 3428 3429 0
E 3293 3430 0
E 3430 3431 0
E 3431 3432 0
E 3432 3433 0
E 1862 3434 0
E 3434 3435 0
E 3435 3436 0
E 3436 3437 0
E 1212 3438 0
E 3439 3440 0
E 3440 3441 0
E 3441 3442 0
E 3438 3443 0
E 3443 3444 0
E 3444 3445 0
E 3445 3446 0
E 3446 3447 0
E 3447 3448 0
E 3448 3449 0
E 3449 3439 0
E 1863 3450 0
E 3450 3451 0
E 3451 3452 0
E 3452 3453 0
E 3453 3454 0
E 3454 3455 0
E 3455 3456 0
E 3457 3458 0
E 3458 3459 0
E 3459 3460 0
E 3460 3461 0
E 1864 3462 0
E 3462 3463 0
E 3463 3464 0
E 3464 3465 0
E 3465 3466 0
E 3466 3467 0
E 3467 3468 0
E 1865 3469 0
E 3469 3470 0
E 3470 3471 0
E 3471 3472 0
E 3472 3473 0
E 3473 3474 0
E 3474 3475 0
E 3476 3477 0
E 3477 3478 0
E 3478 3479 0
E 3479 3480 0
E 1866 3481 0
E 3481 3482 0
E 3482 3483 0
E 3484 3485 0
E 3485 3486 0
E 3486 3487 0
E 3487 3488 0
E 3092 3489 0
E 2310 3490 0
E 3490 3491 0
E 3324 3492 0
E 3492 3493 0
E 3493 3494 0
E 3494 3495 0
E 769 3496 0
E 3325 3497 0
E 3497 3498 0
E 3498 3499 0
E 3499 3500 0
E 3500 3501 0
E 1867 3502 0
E 3502 3503 0
E 3503 3504 0
E 3504 3505 0
E 3505 3506 0
E 3506 3507 0
E 3326 3508 0
E 3508 3509 0
E 3509 3510 0
E 3511 3512 0
E 3513 3514 0
E 3514 3515 0
E 3515 3516 0
E 3516 3517 0
E 770 3518 0
E 3518 3519 0
E 3519 3520 0
E 3520 3521 0
E 3521 3522 0
E 3522 3523 0
E 3523 3524 0
E 3327 3525 0
E 2472 3526 0
E 553 3527 0
E 1322 3528 0
E 3529 3530 0
E 3530 3531 0
E 3528 3532 0
E 3532 3533 0
E 3533 3534 0
E 3534 3535 0
E 3535 3536 0
E 3536 3537 0
E 3537 3538 0
E 3538 3529 0
E 2311 3539 0
E 3539 3540 0
E 3540 3541 0
E 912 3328 0
E 3328 3542 0
E 3542 3543 0
E 3543 3544 0
E 3544 3545 0
E 3546 3547 0
E 1057 3548 0
E 3548 3549 0
E 1868 3550 0
E 3550 3551 0
E 3551 3552 0
E 3552 3553 0
E 3553 3554 0
E 3554 3555 0
E 2312 3556 0
E 3556 2049 0
E 2049 3557 0
E 3329 3558 0
E 3559 3560 0
E 3558 3561 0
E 3561 3562 0
E 3562 3563 0
E 3563 3564 0
E 3564 3565 0
E 3565 3566 0
E 3566 3567 0
E 3567 3559 0
E 1869 3568 0
E 3568 3569 0
E 3569 3570 0
E 3570 3571 0
E 3330 3572 0
E 3572 3573 0
E 1870 3574 0
E 3574 3575 0
E 3576 771 0
E 771 3577 0
E 3577 3578 0
E 3578 3579 0
E 3579 3580 0
E 210 3581 0
E 3331 3582 0
E 3582 3583 0
E 3583 3584 0
E 3584 3585 0
E 1871 3586 0
E 3586 3587 0
E 3587 3588 0
E 3588 3589 0
E 3589 3590 0
E 3590 3591 0
E 1872 3592 0
E 3592 3593 0
E 3593 3594 0
E 3594 3595 0
E 3595 3596 0
E 3596 3597 0
E 2592 3598 0
E 2592 15 1
E 1873 3599 0
E 772 3600 0
E 3600 3601 0
E 773 3602 0
E 1874 3603 0
E 3603 3604 0
E 3604 3605 0
E 3605 3606 0
E 3606 3607 0
E 3607 3608 0
E 554 3609 0
E 1875 3610 0
E 3610 3611 0
E 3611 3612 0
E 3612 3613 0
E 3613 3614 0
E 3614 3615 0
E 3615 3616 0
E 3615 1044 1
E 3615 1044 1
E 3615 1044 1
E 3615 1044 1
E 3615 1213 1
E 3615 1213 1
E 3615 1213 1
E 3615 1213 1
E 3615 1641 1
E 3615 1641 1
E 3615 1641 1
E 3615 1641 1
E 3615 1649 1
E 3615 1649 1
E 3615 1649 1
E 3615 1649 1
E 3615 1657 1
E 3615 1657 1
E 3615 1657 1
E 3615 1657 1
E 3615 1665 1
E 3615 1665 1
E 3615 1665 1
E 3615 1665 1
E 3615 1744 1
E 3615 1744 1
E 3615 1744 1
E 3615 1744 1
E 3615 1992 1
E 3615 1992 1
E 3615 1992 1
E 3615 1992 1
E 3615 2001 1
E 3615 2001 1
E 3615 2001 1
E 3615 2001 1
E 3615 2020 1
E 3615 2020 1
E 3615 2020 1
E 3615 2020 1
E 3615 1769 1
E 3615 1769 1
E 3615 1769 1
E 3615 1769 1
E 3615 1770 1
E 3615 1770 1
E 3615 1770 1
E 3615 1770 1
E 3615 1772 1
E 3615 1772 1
E 3615 1772 1
E 3615 1772 1
E 3615 2316 1
E 3615 2316 1
E 3615 2316 1
E 3615 2316 1
E 3615 1773 1
E 3615 1773 1
E 3615 1773 1
E 3615 1773 1
E 3615 1774 1
E 3615 1774 1
E 3615 1774 1
E 3615 1774 1
E 3615 2338 1
E 3615 2338 1
E 3615 2338 1
E 3615 2338 1
E 3615 2349 1
E 3615 2349 1
E 3615 2349 1
E 3615 2349 1
E 3615 2383 1
E 3615 2383 1
E 3615 2383 1
E 3615 2383 1
E 3615 2388 1
E 3615 2388 1
E 3615 2388 1
E 3615 2388 1
E 3615 1776 1
E 3615 1776 1
E 3615 1776 1
E 3615 1776 1
E 3615 2418 1
E 3615 2418 1
E 3615 2418 1
E 3615 2418 1
E 3615 1777 1
E 3615 1777 1
E 3615 1777 1
E 3615 1777 1
E 3615 2438 1
E 3615 2438 1
E 3615 2438 1
E 3615 2438 1
E 3615 1779 1
E 3615 1779 1
E 3615 1779 1
E 3615 1779 1
E 3615 2451 1
E 3615 2451 1
E 3615 2451 1
E 3615 2451 1
E 3615 1780 1
E 3615 1780 1
E 3615 1780 1
E 3615 1780 1
E 3615 2474 1
E 3615 2474 1
E 3615 2474 1
E 3615 2474 1
E 3615 1781 1
E 3615 1781 1
E 3615 1781 1
E 3615 1781 1
E 3615 2487 1
E 3615 2487 1
E 3615 2487 1
E 3615 2487 1
E 3615 2619 1
E 3615 2619 1
E 3615 2619 1
E 3615 2619 1
E 3615 1797 1
E 3615 1797 1
E 3615 1797 1
E 3615 1797 1
E 3615 2650 1
E 3615 2650 1
E 3615 2650 1
E 3615 2650 1
E 3615 2655 1
E 3615 2655 1
E 3615 2655 1
E 3615 2655 1
E 3615 2660 1
E 3615 2660 1
E 3615 2660 1
E 3615 2660 1
E 3615 1800 1
E 3615 1800 1
E 3615 1800 1
E 3615 1800 1
E 3615 2700 1
E 3615 2700 1
E 3615 2700 1
E 3615 2700 1
E 3615 2705 1
E 3615 2705 1
E 3615 2705 1
E 3615 2705 1
E 3615 2711 1
E 3615 2711 1
E 3615 2711 1
E 3615 2711 1
E 3615 2716 1
E 3615 2716 1
E 3615 2716 1
E 3615 2716 1
E 3615 1808 1
E 3615 1808 1
E 3615 1808 1
E 3615 1808 1
E 3615 2728 1
E 3615 2728 1
E 3615 2728 1
E 3615 2728 1
E 3615 1809 1
E 3615 1809 1
E 3615 1809 1
E 3615 1809 1
E 3615 2740 1
E 3615 2740 1
E 3615 2740 1
E 3615 2740 1
E 3615 1810 1
E 3615 1810 1
E 3615 1810 1
E 3615 1810 1
E 3615 1811 1
E 3615 1811 1
E 3615 1811 1
E 3615 1811 1
E 3615 2771 1
E 3615 2771 1
E 3615 2771 1
E 3615 2771 1
E 3615 2776 1
E 3615 2776 1
E 3615 2776 1
E 3615 2776 1
E 3615 1053 1
E 3615 1053 1
E 3615 1053 1
E 3615 1053 1
E 3615 1815 1
E 3615 1815 1
E 3615 1815 1
E 3615 1815 1
E 3615 2796 1
E 3615 2796 1
E 3615 2796 1
E 3615 2796 1
E 3615 2801 1
E 3615 2801 1
E 3615 2801 1
E 3615 2801 1
E 3615 1816 1
E 3615 1816 1
E 3615 1816 1
E 3615 1816 1
E 3615 2813 1
E 3615 2813 1
E 3615 2813 1
E 3615 2813 1
E 3615 1817 1
E 3615 1817 1
E 3615 1817 1
E 3615 1817 1
E 3615 3024 1
E 3615 3024 1
E 3615 3024 1
E 3615 3024 1
E 3615 3049 1
E 3615 3049 1
E 3615 3049 1
E 3615 3049 1
E 3615 3055 1
E 3615 3055 1
E 3615 3055 1
E 3615 3055 1
E 3615 3070 1
E 3615 3070 1
E 3615 3070 1
E 3615 3070 1
E 3615 3083 1
E 3615 3083 1
E 3615 3083 1
E 3615 3083 1
E 3615 3107 1
E 3615 3107 1
E 3615 3107 1
E 3615 3107 1
E 3615 1831 1
E 3615 1831 1
E 3615 1831 1
E 3615 1831 1
E 3615 3273 1
E 3615 3273 1
E 3615 3273 1
E 3615 3273 1
E 3615 3282 1
E 3615 3282 1
E 3615 3282 1
E 3615 3282 1
E 3615 3297 1
E 3615 3297 1
E 3615 3297 1
E 3615 3297 1
E 3615 3302 1
E 3615 3302 1
E 3615 3302 1
E 3615 3302 1
E 3615 1856 1
E 3615 1856 1
E 3615 1856 1
E 3615 1856 1
E 3615 3314 1
E 3615 3314 1
E 3615 3314 1
E 3615 3314 1
E 3615 3386 1
E 3615 3386 1
E 3615 3386 1
E 3615 3386 1
E 3615 3391 1
E 3615 3391 1
E 3615 3391 1
E 3615 3391 1
E 3615 3411 1
E 3615 3411 1
E 3615 3411 1
E 3615 3411 1
E 3615 3416 1
E 3615 3416 1
E 3615 3416 1
E 3615 3416 1
E 3615 3421 1
E 3615 3421 1
E 3615 3421 1
E 3615 3421 1
E 3615 1863 1
E 3615 1863 1
E 3615 1863 1
E 3615 1863 1
E 3615 3457 1
E 3615 3457 1
E 3615 3457 1
E 3615 3457 1
E 3615 1864 1
E 3615 1864 1
E 3615 1864 1
E 3615 1864 1
E 3615 1865 1
E 3615 1865 1
E 3615 1865 1
E 3615 1865 1
E 3615 3476 1
E 3615 3476 1
E 3615 3476 1
E 3615 3476 1
E 3615 3484 1
E 3615 3484 1
E 3615 3484 1
E 3615 3484 1
E 3615 3325 1
E 3615 3325 1
E 3615 3325 1
E 3615 3325 1
E 3615 3513 1
E 3615 3513 1
E 3615 3513 1
E 3615 3513 1
E 3615 1875 1
E 3615 1875 1
E 3615 1875 1
E 3615 1875 1
E 3615 1897 1
E 3615 1897 1
E 3615 1897 1
E 3615 1897 1
E 3615 3617 1
E 3615 3617 1
E 3615 3617 1
E 3615 3617 1
E 3615 3618 1
E 3615 3618 1
E 3615 3618 1
E 3615 3618 1
E 3615 1907 1
E 3615 1907 1
E 3615 1907 1
E 3615 1907 1
E 3615 1908 1
E 3615 1908 1
E 3615 1908 1
E 3615 1908 1
E 3615 3334 1
E 3615 3334 1
E 3615 3334 1
E 3615 3334 1
E 2593 3619 0
E 2593 316 1
E 2593 74 1
E 2593 74 1
E 2593 74 1
E 2593 74 1
E 1876 3620 0
E 774 3621 0
E 3621 3622 0
E 3622 3623 0
E 3623 3624 0
E 3624 3625 0
E 3626 3627 0
E 1878 3628 0
E 3628 3629 0
E 3629 3630 0
E 3630 3631 0
E 1877 3632 0
E 1879 3633 0
E 1880 3634 0
E 1881 3635 0
E 1882 3636 0
E 1883 3637 0
E 1884 3638 0
E 1885 3639 0
E 606 775 0
E 606 188 1
E 606 188 1
E 606 238 1
E 606 414 1
E 606 561 1
E 606 561 1
E 606 561 1
E 606 561 1
E 606 561 1
E 606 561 1
E 606 561 1
E 3640 3641 0
E 775 3642 0
E 3642 3643 0
E 3643 3644 0
E 3644 3645 0
E 3645 3646 0
E 3646 3647 0
E 3647 3648 0
E 3648 3640 0
E 2594 3649 0
E 776 3650 0
E 3650 3651 0
E 3651 3652 0
E 3652 3653 0
E 3653 3654 0
E 777 3655 0
E 2313 3656 0
E 3656 3657 0
E 3294 3658 0
E 3658 3659 0
E 3659 3660 0
E 3660 3661 0
E 1886 3662 0
E 3662 3663 0
E 3663 3664 0
E 3664 3665 0
E 778 3666 0
E 3666 3667 0
E 3667 3668 0
E 3668 3669 0
E 348 3670 0
E 2314 3671 0
E 3671 3672 0
E 3270 779 0
E 3673 3674 0
E 3674 3675 0
E 3675 3676 0
E 3676 3677 0
E 779 3678 0
E 3678 3679 0
E 3679 3680 0
E 3680 3681 0
E 3681 3682 0
E 3682 3683 0
E 3683 3684 0
E 3684 3673 0
E 3093 780 0
E 3093 577 1
E 3093 577 1
E 3093 191 1
E 3093 191 1
E 780 3685 0
E 3685 3686 0
E 3686 3687 0
E 3687 3688 0
E 3688 3689 0
E 1058 3690 0
E 1887 3691 0
E 3691 3692 0
E 3692 3693 0
E 1888 3694 0
E 1889 3695 0
E 3695 3696 0
E 3696 3697 0
E 3697 3698 0
E 3698 3699 0
E 3699 3700 0
E 1890 3701 0
E 913 694 0
E 694 3702 0
E 3702 3703 0
E 3703 3704 0
E 3704 3705 0
E 3705 3706 0
E 3706 3707 0
E 73 3708 0
E 1891 3709 0
E 3709 3710 0
E 3710 3711 0
E 1892 3712 0
E 3712 3713 0
E 3713 3714 0
E 3714 3715 0
E 1893 3716 0
E 3716 3717 0
E 3717 3718 0
E 3718 3719 0
E 1894 3720 0
E 3720 3721 0
E 3721 3722 0
E 3722 3723 0
E 1895 3724 0
E 3724 3725 0
E 3725 3726 0
E 3726 3727 0
E 1896 3728 0
E 3728 3729 0
E 3729 3730 0
E 3730 3731 0
E 2473 3732 0
E 1897 3733 0
E 3733 3734 0
E 3734 3735 0
E 3735 3736 0
E 3736 3737 0
E 3737 3738 0
E 3738 3739 0
E 1084 3740 0
E 1898 3741 0
E 3741 3742 0
E 3742 3743 0
E 3743 3744 0
E 3094 781 0
E 781 3745 0
E 3745 3746 0
E 1899 3747 0
E 782 3748 0
E 3748 3749 0
E 1900 3750 0
E 783 3751 0
E 3751 3752 0
E 594 3753 0
E 1328 3754 0
E 1328 113 1
E 1328 152 1
E 1328 340 1
E 1328 1459 1
E 1328 353 1
E 1328 13 1
E 1328 1975 1
E 1328 347 1
E 1328 1329 1
E 1328 2149 1
E 1328 349 1
E 3754 3755 0
E 1901 3756 0
E 3756 3757 0
E 3758 3759 0
E 1329 3760 0
E 3760 3761 0
E 3761 3762 0
E 1902 3763 0
E 3763 3764 0
E 3764 3765 0
E 3765 3766 0
E 3617 3767 0
E 3767 3768 0
E 3768 3769 0
E 3769 3770 0
E 3332 3771 0
E 3771 3772 0
E 1903 3773 0
E 3773 3774 0
E 3774 3775 0
E 3775 3776 0
E 1085 3777 0
E 3777 3778 0
E 1904 3779 0
E 3779 3780 0
E 3780 3781 0
E 3781 3782 0
E 1086 3783 0
E 3783 3784 0
E 3784 3785 0
E 3333 3786 0
E 3618 3787 0
E 3787 3788 0
E 3788 3789 0
E 3789 3790 0
E 1905 3791 0
E 3791 3792 0
E 3792 3793 0
E 3793 3794 0
E 2595 3795 0
E 1272 3796 0
E 3796 3797 0
E 970 3798 0
E 971 3799 0
E 972 3800 0
E 1906 3801 0
E 3801 3802 0
E 211 3803 0
E 3803 3804 0
E 3804 3805 0
E 212 3806 0
E 213 3807 0
E 1907 3808 0
E 3808 3809 0
E 3809 3810 0
E 3810 3811 0
E 3811 3812 0
E 3812 3813 0
E 3813 3814 0
E 3814 3815 0
E 114 3816 0
E 3816 3817 0
E 3817 3818 0
E 1908 3819 0
E 3819 3820 0
E 3820 3821 0
E 3821 3822 0
E 3822 3823 0
E 3823 3824 0
E 3824 3825 0
E 3825 3826 0
E 3334 3827 0
E 3827 3828 0
E 3828 3829 0
E 3829 3830 0
E 3830 3831 0
E 2315 3832 0
E 3832 3833 0
E 2113 3834 0
E 3834 3835 0
E 3835 3836 0
E 3836 3837 0
E 3837 3838 0
E 3838 3839 0
E 2149 3840 0
E 3840 3841 0
E 3841 3842 0
E 3335 3843 0
E 1909 3844 0
E 3844 3845 0
E 3845 3846 0
E 3846 3847 0
E 3846 3758 1
E 1330 3848 0
E 1910 3849 0
E 3849 3850 0
E 3850 3851 0
E 3851 3852 0
E 3852 3853 0
E 3853 3854 0
E 3853 1311 1
E 3853 1344 1
E 3853 1344 1
E 3853 1344 1
E 3853 1698 1
E 3853 1961 1
E 3853 1973 1
E 3853 1977 1
E 3853 1977 1
E 3853 2065 1
E 3853 2376 1
E 3853 3754 1
E 3853 3761 1
E 3853 3855 1
E 1911 3856 0
E 1912 3857 0
E 3857 3858 0
E 3858 3859 0
E 3859 3860 0
E 3859 628 1
E 3859 654 1
E 3859 674 1
E 3859 674 1
E 3859 712 1
E 3859 728 1
E 3859 730 1
E 3859 731 1
E 3859 735 1
E 3859 543 1
E 3859 1012 1
E 3859 1183 1
E 3859 1355 1
E 3859 1434 1
E 3859 747 1
E 3859 1480 1
E 3859 203 1
E 3859 203 1
E 3859 1931 1
E 3859 2014 1
E 3859 2884 1
E 3859 2892 1
E 3859 2894 1
E 3859 2894 1
E 3859 2897 1
E 3859 2897 1
E 3859 2897 1
E 3859 2897 1
E 3859 2963 1
E 3859 2973 1
E 3859 2975 1
E 3859 2977 1
E 3859 2979 1
E 3859 3391 1
E 3859 1861 1
E 3859 1861 1
E 3859 1861 1
E 3859 3428 1
E 3859 3511 1
E 3859 770 1
E 3859 770 1
E 3859 3546 1
E 3859 771 1
E 3859 778 1
E 3859 779 1
E 3859 779 1
E 3859 779 1
E 3859 779 1
E 3859 779 1
E 3859 779 1
E 3859 779 1
E 3859 779 1
E 3859 779 1
E 3859 779 1
E 3859 782 1
E 3859 783 1
E 3859 1901 1
E 3859 1912 1
E 3859 1912 1
E 3859 1912 1
E 3859 785 1
E 3859 785 1
E 3859 786 1
E 3859 788 1
E 3859 788 1
E 3859 791 1
E 3859 792 1
E 1913 3861 0
E 3861 3862 0
E 3862 3863 0
E 3863 3864 0
E 2397 3865 0
E 1914 3866 0
E 20 3867 0
E 595 3868 0
E 3868 3869 0
E 354 3870 0
E 355 3871 0
E 1273 3872 0
E 1274 3873 0
E 3873 3874 0
E 3873 8 1
E 3873 8 1
E 1275 3875 0
E 3336 3876 0
E 784 3877 0
E 3877 3878 0
E 3878 3879 0
E 3879 3880 0
E 3880 3881 0
E 74 3882 0
E 3883 3884 0
E 3884 3885 0
E 3885 3886 0
E 3886 3887 0
E 3887 3888 0
E 3888 3889 0
E 3889 3890 0
E 3890 3891 0
E 3891 3892 0
E 3892 3893 0
E 3882 3894 0
E 3893 3895 0
E 3895 3896 0
E 3896 3897 0
E 3897 3898 0
E 3898 3899 0
E 3899 3900 0
E 3900 3901 0
E 3901 3902 0
E 3902 3903 0
E 3903 3904 0
E 3894 3905 0
E 3905 3906 0
E 3906 3907 0
E 3907 3908 0
E 3908 3909 0
E 3909 3910 0
E 3910 3883 0
E 1331 1915 0
E 1915 3911 0
E 1916 3912 0
E 3912 3913 0
E 3913 3914 0
E 3914 3915 0
E 596 3916 0
E 3916 3917 0
E 3917 3918 0
E 1917 3919 0
E 3337 3920 0
E 3920 3921 0
E 33 3922 0
E 785 3923 0
E 3923 3924 0
E 3924 3925 0
E 3925 3926 0
E 3926 3927 0
E 1918 3928 0
E 3928 3929 0
E 3929 3930 0
E 3930 3931 0
E 1276 3932 0
E 3932 3933 0
E 2114 3934 0
E 3934 3935 0
E 3935 3936 0
E 3936 3937 0
E 3937 3938 0
E 3938 3939 0
E 2542 3940 0
E 2542 147 1
E 2542 1260 1
E 2542 1260 1
E 2542 1725 1
E 2542 2548 1
E 2542 2548 1
E 2542 2548 1
E 2542 2548 1
E 2542 2572 1
E 2542 1269 1
E 2542 1269 1
E 2542 1269 1
E 1277 3941 0
E 3941 3942 0
E 3942 3943 0
E 3943 3944 0
E 1919 3945 0
E 1278 3946 0
E 3946 3947 0
E 3947 3948 0
E 3947 147 1
E 3947 385 1
E 3947 385 1
E 3947 385 1
E 3947 385 1
E 3947 353 1
E 3947 353 1
E 3947 353 1
E 3947 353 1
E 3947 353 1
E 3947 353 1
E 3947 353 1
E 3207 3949 0
E 3095 3950 0
E 3095 1997 1
E 3095 1999 1
E 3095 2955 1
E 3095 2955 1
E 3095 3576 1
E 1920 3951 0
E 3951 3952 0
E 3952 3953 0
E 3953 3954 0
E 1921 3955 0
E 3955 3956 0
E 3956 3957 0
E 3957 3958 0
E 3957 730 1
E 3957 731 1
E 3957 732 1
E 3957 732 1
E 3957 732 1
E 3957 732 1
E 3957 1366 1
E 3957 1366 1
E 3957 1465 1
E 3957 1639 1
E 3957 203 1
E 3957 2430 1
E 3957 1055 1
E 3957 3060 1
E 3957 3060 1
E 3957 3076 1
E 3957 3081 1
E 3957 3127 1
E 3957 3129 1
E 3957 3131 1
E 3957 3133 1
E 3957 3133 1
E 3957 3136 1
E 3957 3138 1
E 3957 3138 1
E 3957 3354 1
E 3957 3328 1
E 3957 3328 1
E 3957 3328 1
E 3957 3626 1
E 3957 778 1
E 3957 3959 1
E 3957 3959 1
E 1922 3960 0
E 1923 3961 0
E 3961 3962 0
E 3962 3963 0
E 3963 3964 0
E 1924 3965 0
E 3965 3966 0
E 3966 3967 0
E 3967 3968 0
E 1925 3969 0
E 3969 3970 0
E 3970 3971 0
E 3971 3972 0
E 1926 3973 0
E 3973 3974 0
E 3974 3975 0
E 3975 3976 0
E 214 3977 0
E 349 3978 0
E 3979 3980 0
E 3980 3981 0
E 3981 3982 0
E 3982 3983 0
E 3983 3984 0
E 3984 3985 0
E 3978 3986 0
E 3986 3987 0
E 3987 3988 0
E 3988 3989 0
E 3989 3990 0
E 3990 3991 0
E 3991 3992 0
E 3992 3979 0
E 786 3993 0
E 3993 3994 0
E 3994 3995 0
E 3995 3996 0
E 1279 3997 0
E 3997 3998 0
E 787 3999 0
E 3999 4000 0
E 788 4001 0
E 4001 4002 0
E 4002 4003 0
E 1043 4004 0
E 4004 4005 0
E 4005 4006 0
E 4006 4007 0
E 4007 4008 0
E 2596 4009 0
E 4009 4010 0
E 4010 4011 0
E 3959 4012 0
E 4012 4013 0
E 215 4014 0
E 21 4015 0
E 4016 4017 0
E 4017 4018 0
E 4018 4019 0
E 4019 4020 0
E 4020 4021 0
E 4021 4022 0
E 4022 1927 0
E 4022 147 1
E 4022 147 1
E 4022 147 1
E 4022 147 1
E 4022 147 1
E 4022 147 1
E 4022 147 1
E 4022 147 1
E 4022 147 1
E 1927 4023 0
E 4023 4024 0
E 4024 4025 0
E 4015 4026 0
E 4026 4027 0
E 4027 4028 0
E 4028 4029 0
E 4029 4030 0
E 4030 4031 0
E 4031 4032 0
E 4032 4016 0
E 2193 4033 0
E 1928 4034 0
E 4034 4035 0
E 4035 4036 0
E 4036 4037 0
E 22 4038 0
E 4039 4040 0
E 4040 4041 0
E 4041 4042 0
E 4042 4043 0
E 4043 4044 0
E 4044 4045 0
E 4045 4046 0
E 4046 4047 0
E 4047 4048 0
E 4048 4049 0
E 4038 4050 0
E 4049 4051 0
E 4051 4052 0
E 4052 4053 0
E 4053 4054 0
E 4054 4055 0
E 4055 4056 0
E 4056 4057 0
E 4057 4058 0
E 4058 4059 0
E 4059 4060 0
E 4059 1269 1
E 4050 4061 0
E 4061 4062 0
E 4062 4063 0
E 4063 4064 0
E 4064 4065 0
E 4065 4066 0
E 4066 4039 0
E 789 4067 0
E 790 4068 0
E 4068 4069 0
E 4069 4070 0
E 4070 4071 0
E 4071 4072 0
E 914 4073 0
E 3096 791 0
E 791 4074 0
E 4074 4075 0
E 915 792 0
E 792 4076 0
E 4076 4077 0
E 3097 793 0
E 793 4078 0
E 794 4079 0
E 4079 4080 0
E 4080 4081 0
E 4081 4082 0
E 4082 4083 0
E 1929 4084 0
E 4084 4085 0
E 4085 4086 0
E 4086 4087 0
E 795 4088 0
E 2194 4089 0
E 4089 4090 0
E 4090 4091 0
E 4091 4092 0
E 916 796 0
E 796 4093 0
E 1930 4094 0
E 4094 4095 0
E 4095 4096 0
E 4096 4097 0
E 2195 4098 0
E 4098 4099 0
E 4099 4100 0
E 4100 4101 0
E 3855 4102 0
T 1312
T 1
T 27
T 30
T 32
T 38
T 41
T 67
T 47
T 58
T 65
T 89
T 71
T 82
T 78
T 149
T 100
T 105
T 112
T 116
T 133
T 165
T 151
T 153
T 155
T 175
T 178
T 180
T 187
T 197
T 202
T 221
T 227
T 233
T 244
T 237
T 249
T 254
T 259
T 264
T 289
T 277
T 297
T 291
T 303
T 309
T 315
T 322
T 328
T 333
T 338
T 345
T 352
T 383
T 397
T 403
T 399
T 415
T 406
T 413
T 436
T 418
T 424
T 426
T 438
T 497
T 443
T 503
T 505
T 510
T 507
T 524
T 515
T 520
T 529
T 570
T 535
T 533
T 542
T 556
T 558
T 560
T 604
T 572
T 599
T 616
T 623
T 627
T 631
T 637
T 647
T 642
T 644
T 646
T 667
T 649
T 651
T 653
T 657
T 659
T 663
T 705
T 671
T 673
T 677
T 681
T 689
T 690
T 693
T 696
T 803
T 707
T 710
T 716
T 718
T 720
T 723
T 725
T 798
T 801
T 827
T 805
T 808
T 810
T 814
T 811
T 820
T 816
T 824
T 826
T 836
T 829
T 834
T 846
T 837
T 839
T 841
T 848
T 858
T 853
T 860
T 865
T 867
T 882
T 869
T 876
T 918
T 884
T 890
T 894
T 928
T 938
T 941
T 967
T 969
T 974
T 976
T 979
T 978
T 980
T 987
T 989
T 996
T 1000
T 1001
T 1008
T 1017
T 1013
T 1011
T 1015
T 1021
T 1026
T 1030
T 1034
T 1039
T 1051
T 1059
T 1063
T 1064
T 1069
T 1070
T 1074
T 1090
T 1078
T 1088
T 1093
T 1091
T 1099
T 1129
T 1101
T 1103
T 1113
T 1134
T 1138
T 1145
T 1150
T 1155
T 1171
T 1181
T 1182
T 1184
T 1185
T 1194
T 1187
T 1201
T 1203
T 1204
T 1206
T 1208
T 1210
T 1230
T 1220
T 1223
T 1238
T 1256
T 1289
T 1298
T 2243
T 1324
T 1320
T 1333
T 1348
T 1356
T 1358
T 1365
T 1368
T 1375
T 1376
T 1388
T 1383
T 1389
T 1398
T 1397
T 1399
T 1411
T 1420
T 1424
T 1425
T 1426
T 1427
T 1432
T 1433
T 1435
T 1439
T 1436
T 1444
T 1447
T 1463
T 1457
T 1458
T 1464
T 1466
T 1468
T 1469
T 1470
T 1471
T 1477
T 1473
T 1485
T 1478
T 1479
T 1481
T 1486
T 1487
T 1551
T 1494
T 1501
T 1508
T 1515
T 1522
T 1529
T 1536
T 1543
T 1550
T 1558
T 1565
T 1572
T 1579
T 1586
T 1593
T 1600
T 1607
T 1614
T 1621
T 1622
T 1623
T 1624
T 1625
T 1626
T 1627
T 1628
T 1629
T 1638
T 1630
T 1632
T 1640
T 1700
T 1648
T 1656
T 1664
T 1669
T 1711
T 1712
T 1726
T 1716
T 1724
T 1728
T 1741
T 1731
T 1743
T 1760
T 1752
T 1940
T 1932
T 1943
T 1946
T 1949
T 1951
T 1955
T 1962
T 1974
T 1979
T 1981
T 1983
T 1985
T 1986
T 1988
T 1991
T 1996
T 1998
T 2000
T 2005
T 2009
T 2007
T 2008
T 2011
T 2229
T 2013
T 2015
T 2019
T 2024
T 2026
T 2037
T 2029
T 2035
T 2032
T 2053
T 2039
T 2042
T 2043
T 2046
T 2051
T 2055
T 2059
T 2058
T 2062
T 2064
T 2066
T 2068
T 2071
T 2075
T 2078
T 2081
T 2085
T 2088
T 2091
T 2095
T 2100
T 2120
T 2124
T 2130
T 2136
T 2141
T 2146
T 2202
T 2147
T 2155
T 2159
T 2165
T 2168
T 2173
T 2176
T 2182
T 2185
T 2187
T 2198
T 2199
T 2200
T 2205
T 2220
T 2214
T 2225
T 2923
T 2398
T 2259
T 2258
T 2267
T 2275
T 2268
T 2278
T 2281
T 2285
T 2286
T 2293
T 2298
T 2294
T 2320
T 2327
T 2334
T 2342
T 2337
T 2348
T 2346
T 2353
T 2354
T 2355
T 2356
T 2357
T 2358
T 2359
T 2360
T 2361
T 2363
T 2364
T 2365
T 2366
T 2368
T 2377
T 2369
T 2370
T 2372
T 2393
T 2378
T 2379
T 2380
T 2387
T 2381
T 2382
T 2392
T 2396
T 2399
T 2402
T 2417
T 2416
T 2422
T 2429
T 2431
T 2437
T 2442
T 2450
T 2455
T 2458
T 2471
T 2478
T 2485
T 2486
T 2491
T 2492
T 2496
T 2498
T 2500
T 2507
T 2505
T 2510
T 2512
T 2515
T 2513
T 2516
T 2517
T 2521
T 2524
T 2526
T 2530
T 2536
T 2546
T 2547
T 2552
T 2553
T 2555
T 2557
T 2559
T 2565
T 2569
T 2571
T 2573
T 2575
T 2576
T 2580
T 2584
T 2589
T 2599
T 2603
T 2607
T 2611
T 2613
T 2614
T 2615
T 2616
T 2618
T 2623
T 2624
T 2626
T 2629
T 2633
T 2634
T 2641
T 2643
T 2646
T 2649
T 2654
T 2659
T 2664
T 2671
T 2672
T 2673
T 2675
T 2681
T 2684
T 2687
T 2690
T 2693
T 2696
T 2699
T 2704
T 2709
T 2710
T 2715
T 2720
T 2727
T 2732
T 2739
T 2752
T 2744
T 2751
T 2753
T 2754
T 2761
T 2762
T 2770
T 2769
T 2775
T 2780
T 2782
T 2783
T 2788
T 2795
T 2800
T 2805
T 2812
T 2817
T 2824
T 2827
T 2833
T 2835
T 2840
T 2847
T 2856
T 2859
T 2860
T 2864
T 2866
T 2868
T 2870
T 2871
T 2873
T 2874
T 2877
T 2882
T 2880
T 2883
T 2885
T 2888
T 2891
T 2893
T 2896
T 2901
T 2906
T 2911
T 2913
T 2918
T 3371
T 2943
T 2931
T 2954
T 2958
T 2965
T 2962
T 2964
T 2972
T 2974
T 2976
T 2978
T 2980
T 2983
T 2988
T 2986
T 2991
T 3005
T 3007
T 3008
T 3015
T 3022
T 3023
T 3029
T 3028
T 3031
T 3034
T 3038
T 3036
T 3037
T 3044
T 3043
T 3047
T 3053
T 3048
T 3054
T 3059
T 3062
T 3068
T 3069
T 3075
T 3077
T 3080
T 3082
T 3087
T 3089
T 3099
T 3106
T 3101
T 3105
T 3111
T 3118
T 3120
T 3123
T 3126
T 3128
T 3130
T 3132
T 3135
T 3137
T 3140
T 3146
T 3148
T 3151
T 3154
T 3157
T 3160
T 3163
T 3166
T 3169
T 3172
T 3178
T 3184
T 3187
T 3191
T 3194
T 3201
T 3198
T 3206
T 3203
T 3213
T 3222
T 3216
T 3249
T 3235
T 3241
T 3258
T 3259
T 3261
T 3263
T 3267
T 3269
T 3272
T 3277
T 3279
T 3281
T 3286
T 3288
T 3290
T 3296
T 3301
T 3306
T 3313
T 3318
T 3319
T 3323
T 3343
T 3353
T 3344
T 3355
T 3357
T 3364
T 3358
T 3368
T 3379
T 3380
T 3381
T 3385
T 3390
T 3396
T 3405
T 3398
T 3407
T 3442
T 3410
T 3415
T 3420
T 3425
T 3427
T 3429
T 3437
T 3433
T 3456
T 3461
T 3468
T 3475
T 3480
T 3483
T 3488
T 3489
T 3495
T 3491
T 3496
T 3507
T 3501
T 3510
T 3512
T 3517
T 3524
T 3525
T 3526
T 3531
T 3527
T 3545
T 3541
T 3547
T 3549
T 3555
T 3557
T 3560
T 3571
T 3573
T 3575
T 3580
T 3581
T 3585
T 3591
T 3597
T 3598
T 3601
T 3599
T 3602
T 3608
T 3609
T 3616
T 3619
T 3620
T 3625
T 3627
T 3632
T 3631
T 3641
T 3633
T 3634
T 3635
T 3636
T 3637
T 3638
T 3639
T 3649
T 3654
T 3655
T 3657
T 3661
T 3665
T 3669
T 3670
T 3672
T 3677
T 3689
T 3690
T 3693
T 3694
T 3700
T 3707
T 3701
T 3708
T 3711
T 3715
T 3719
T 3723
T 3727
T 3731
T 3732
T 3739
T 3740
T 3746
T 3744
T 3749
T 3747
T 3750
T 3752
T 3755
T 3753
T 3762
T 3757
T 3759
T 3766
T 3772
T 3770
T 3776
T 3778
T 3782
T 3785
T 3786
T 3790
T 3794
T 3795
T 3797
T 3798
T 3799
T 3800
T 3802
T 3805
T 3806
T 3815
T 3807
T 3826
T 3818
T 3831
T 3833
T 3839
T 3842
T 3843
T 3847
T 3848
T 3854
T 3856
T 3860
T 3864
T 3865
T 3866
T 3869
T 3867
T 3870
T 3871
T 3872
T 3874
T 3875
T 3876
T 3881
T 3904
T 3911
T 3918
T 3915
T 3919
T 3921
T 3922
T 3927
T 3931
T 3933
T 3939
T 3940
T 3944
T 3945
T 3948
T 3949
T 3950
T 3954
T 3958
T 3960
T 3964
T 3968
T 3972
T 3976
T 3977
T 3985
T 3996
T 3998
T 4000
T 4003
T 4008
T 4011
T 4013
T 4025
T 4014
T 4033
T 4037
T 4060
T 4067
T 4072
T 4073
T 4075
T 4077
T 4078
T 4083
T 4087
T 4088
T 4093
T 4092
T 4097
T 4101
T 4102
R 1
EOF