A 1 2 1
A 1 3 1
A 1 4 1
A 1 5 1
A 1 6 1
A 1 7 1
A 1 8 1
A 1 9 1
A 1 10 1
A 1 11 1
A 1 12 1
A 1 13 1
A 1 14 1
A 1 15 1
A 16 17 0
A 18 19 0
A 2 3 0
A 3 4 0
A 3 20 1
A 3 21 1
A 3 22 1
A 3 23 1
A 3 24 1
A 3 25 1
A 3 26 1
A 3 27 1
A 3 28 1
A 3 29 1
A 3 30 1
A 4 31 0
A 5 6 0
A 5 32 1
A 6 33 0
A 6 34 1
A 6 35 1
A 6 36 1
A 6 37 1
A 7 8 0
A 8 38 0
A 8 39 1
A 8 40 1
A 8 41 1
A 8 42 1
A 8 43 1
A 8 44 1
A 8 45 1
A 8 46 1
A 38 47 0
A 48 49 0
A 50 51 0
A 52 53 0
A 53 54 0
A 54 20 0
A 20 39 0
A 39 40 0
A 40 41 0
A 41 34 0
A 34 55 0
A 9 10 0
A 10 56 0
A 10 16 1
A 10 18 1
A 10 38 1
A 10 48 1
A 10 50 1
A 10 52 1
A 10 53 1
A 10 54 1
A 11 12 0
A 11 57 1
A 11 58 1
A 11 59 1
A 12 60 0
A 12 61 1
A 12 62 1
A 12 63 1
A 13 14 0
A 14 15 0
A 15 42 0
A 42 64 0
A 43 57 0
A 57 58 0
A 58 65 0
A 21 44 0
A 44 45 0
A 45 66 0
A 59 67 0
A 32 35 0
A 35 68 0
A 22 69 0
A 23 70 0
A 24 71 0
A 25 72 0
A 26 73 0
A 27 74 0
A 46 28 0
A 28 75 0
A 29 76 0
A 61 77 0
A 36 78 0
A 37 79 0
A 62 80 0
A 30 81 0
A 63 82 0
T 1
T 17
T 19
T 31
T 33
T 47
T 49
T 51
T 55
T 56
T 60
T 64
T 65
T 66
T 67
T 68
T 69
T 70
T 71
T 72
T 73
T 74
T 75
T 76
T 77
T 78
T 79
T 80
T 81
T 82
Root 1
EOF